                                                      ,043033000215, 50289996 ,+0000000000000.00, 
                                                      ,023033000387, 68259923 ,+0000000000000.00, 
                                                      ,010033000564, 23015389 ,+0000000000000.00, 
                                                      ,049033000048, 93294342 ,+0000000000000.00, 
                                                      ,032033000118, 05485240 ,+0000000000000.00, 
                                                      ,036033000185, 71432841 ,+0000000000000.00, 
                                                      ,016033001028, 92901142 ,+0000000000000.00, 
                                                      ,031033000016, 07796043 ,+0000000000000.00, 
                                                      ,016033001303, 69749526 ,+0000000000000.00, 
                                                      ,031033000121, 07703348 ,+0000000000000.00, 
                                                      ,029033000032, 83734144 ,+0000000000000.00, 
                                                      ,029033000268, 83649149 ,+0000000000000.00, 
                                                      ,010033000864, 97090982 ,+0000000000000.00, 
                                                      ,029033000016, 83692145 ,+0000000000000.00, 
                                                      ,059033000051, 14131269 ,+0000000000000.00, 
                                                      ,014033000744, 38478474 ,+0000000000000.00, 
                                                      ,014033000047, 09062948 ,+0000000000000.00, 
                                                      ,009033000714, 14258139 ,+0000000000000.00, 
                                                      ,049033000161, 67667231 ,+0000000000000.00, 
                                                      ,031033000243, 50277392 ,+0000000000000.00, 
                                                      ,010033000678, 50872101 ,+0000000000000.00, 
                                                      ,003033002891, 20951430 ,+0000000000000.00, 
                                                      ,049033000307, 50439875 ,+0000000000000.00, 
                                                      ,026033000027, 87840943 ,+0000000000000.00, 
                                                      ,018033000421, 38514843 ,+0000000000000.00, 
                                                      ,041033000822, 62872509 ,+0000000000000.00, 
                                                      ,026033000692, 23732536 ,+0000000000000.00, 
                                                      ,011033000893, 28895293 ,+0000000000000.00, 
                                                      ,022033000033, 85226244 ,+0000000000000.00, 
                                                      ,067033000038, 14131393 ,+0000000000000.00, 
                                                      ,022033000358, 14242306 ,+0000000000000.00, 
                                                      ,026033000221, 80064044 ,+0000000000000.00, 
                                                      ,029033000292, 83464946 ,+0000000000000.00, 
                                                      ,016033000048, 14131274 ,+0000000000000.00, 
                                                      ,018033000016, 38718543 ,+0000000000000.00, 
                                                      ,057033000018, 90777041 ,+0000000000000.00, 
                                                      ,031033000349, 50283632 ,+0000000000000.00, 
                                                      ,037033000035, 91533445 ,+0000000000000.00, 
                                                      ,060033000039, 22940349 ,+0000000000000.00, 
                                                      ,028033000085, 15008147 ,+0000000000000.00, 
                                                      ,012033000427, 97454244 ,+0000000000000.00, 
                                                      ,025033000177, 20369183 ,+0000000000000.00, 
                                                      ,029033000179, 31507557 ,+0000000000000.00, 
                                                      ,027033000291, 28882072 ,+0000000000000.00, 
                                                      ,016033001199, 04184942 ,+0000000000000.00, 
                                                      ,025033000063, 61685199 ,+0000000000000.00, 
                                                      ,014033000728, 87495789 ,+0000000000000.00, 
                                                      ,015033000854, 81662463 ,+0000000000000.00, 
                                                      ,015033000221, 81675317 ,+0000000000000.00, 
                                                      ,068033000075, 14131078 ,+0000000000000.00, 
                                                      ,041033000555, 30315691 ,+0000000000000.00, 
                                                      ,011033000066, 13996949 ,+0000000000000.00, 
                                                      ,026033001201, 63525149 ,+0000000000000.00, 
                                                      ,029033000284, 83547142 ,+0000000000000.00, 
                                                      ,022033000503, 68133052 ,+0000000000000.00, 
                                                      ,030033000369, 50873549 ,+0000000000000.00, 
                                                      ,014033000014, 09962949 ,+0000000000000.00, 
                                                      ,023033000143, 37723047 ,+0000000000000.00, 
                                                      ,015033000879, 61377000 ,+0000000000000.00, 
                                                      ,015033000262, 81743486 ,+0000000000000.00, 
                                                      ,014033000663, 24460126 ,+0000000000000.00, 
                                                      ,009033000536, 28146356 ,+0000000000000.00, 
                                                      ,023033000354, 62316954 ,+0000000000000.00, 
                                                      ,016033001255, 93859242 ,+0000000000000.00, 
                                                      ,059033000027, 06679146 ,+0000000000000.00, 
                                                      ,057033000212, 23627248 ,+0000000000000.00, 
                                                      ,003033003011, 20951759 ,+0000000000000.00, 
                                                      ,025033000055, 23845562 ,+0000000000000.00, 
                                                      ,016033000323, 14102651 ,+0000000000000.00, 
                                                      ,043033000223, 24781170 ,+0000000000000.00, 
                                                      ,068033000334, 14132246 ,+0000000000000.00, 
                                                      ,009033000236, 03696760 ,+0000000000000.00, 
                                                      ,026033001007, 50276837 ,+0000000000000.00, 
                                                      ,057033000148, 90795048 ,+0000000000000.00, 
                                                      ,015033000773, 50437349 ,+0000000000000.00, 
                                                      ,031033000032, 07703142 ,+0000000000000.00, 
                                                      ,009033000593, 02364546 ,+0000000000000.00, 
                                                      ,012033000062, 00874345 ,+0000000000000.00, 
                                                      ,026033000619, 28230678 ,+0000000000000.00, 
                                                      ,014033000736, 14133978 ,+0000000000000.00, 
                                                      ,022033000455, 61688532 ,+0000000000000.00, 
                                                      ,029033000332, 83619449 ,+0000000000000.00, 
                                                      ,014033000314, 00904989 ,+0000000000000.00, 
                                                      ,025033000088, 29080663 ,+0000000000000.00, 
                                                      ,042033000527, 64828050 ,+0000000000000.00, 
                                                      ,003033003409, 97451943 ,+0000000000000.00, 
                                                      ,049033000275, 28232237 ,+0000000000000.00, 
                                                      ,010033000053, 14131032 ,+0000000000000.00, 
                                                      ,017033000158, 14132697 ,+0000000000000.00, 
                                                      ,025033000047, 14132655 ,+0000000000000.00, 
                                                      ,059033000019, 06668041 ,+0000000000000.00, 
                                                      ,022033000325, 14102150 ,+0000000000000.00, 
                                                      ,010033000442, 28881430 ,+0000000000000.00, 
                                                      ,026033000043, 87756447 ,+0000000000000.00, 
                                                      ,057033000131, 90062015 ,+0000000000000.00, 
                                                      ,028033001049, 14195614 ,+0000000000000.00, 
                                                      ,017033000288, 36632442 ,+0000000000000.00, 
                                                      ,068033000261, 14251243 ,+0000000000000.00, 
                                                      ,022033000488, 24460184 ,+0000000000000.00, 
                                                      ,018033000202, 38242870 ,+0000000000000.00, 
                                                      ,011033000885, 28344068 ,+0000000000000.00, 
                                                      ,011033001176, 68132744 ,+0000000000000.00, 
                                                      ,068033000131, 80064849 ,+0000000000000.00, 
                                                      ,017033000677, 61685132 ,+0000000000000.00, 
                                                      ,003033003271, 50275914 ,+0000000000000.00, 
                                                      ,018033000405, 39071042 ,+0000000000000.00, 
                                                      ,026033001161, 98356666 ,+0000000000000.00, 
                                                      ,016033001133, 04184443 ,+0000000000000.00, 
                                                      ,026033000513, 28699404 ,+0000000000000.00, 
                                                      ,003033003417, 97464331 ,+0000000000000.00, 
                                                      ,018033000049, 38718445 ,+0000000000000.00, 
                                                      ,025033000396, 38520845 ,+0000000000000.00, 
                                                      ,068033000083, 82644342 ,+0000000000000.00, 
                                                      ,025033000241, 30318723 ,+0000000000000.00, 
                                                      ,043033000086, 94634448 ,+0000000000000.00, 
                                                      ,014033000485, 28232815 ,+0000000000000.00, 
                                                      ,029033000438, 98720663 ,+0000000000000.00, 
                                                      ,060033000022, 14132532 ,+0000000000000.00, 
                                                      ,049033000097, 93276846 ,+0000000000000.00, 
                                                      ,068033000359, 62860054 ,+0000000000000.00, 
                                                      ,030033000028, 99609241 ,+0000000000000.00, 
                                                      ,009033000796, 98723061 ,+0000000000000.00, 
                                                      ,017033000588, 50879177 ,+0000000000000.00, 
                                                      ,012033000321, 14258289 ,+0000000000000.00, 
                                                      ,030033000303, 30315210 ,+0000000000000.00, 
                                                      ,009033000552, 28894942 ,+0000000000000.00, 
                                                      ,016033001109, 92632747 ,+0000000000000.00, 
                                                      ,068033000107, 81663363 ,+0000000000000.00, 
                                                      ,026033001023, 67559093 ,+0000000000000.00, 
                                                      ,018033000438, 14256177 ,+0000000000000.00, 
                                                      ,049033000218, 20951707 ,+0000000000000.00, 
                                                      ,018033000316, 14106801 ,+0000000000000.00, 
                                                      ,016033001296, 92619243 ,+0000000000000.00, 
                                                      ,027033000048, 77711172 ,+0000000000000.00, 
                                                      ,041033000855, 14248797 ,+0000000000000.00, 
                                                      ,015033000498, 28230684 ,+0000000000000.00, 
                                                      ,017033000344, 36632153 ,+0000000000000.00, 
                                                      ,057033000326, 87585011 ,+0000000000000.00, 
                                                      ,031033000154, 08304901 ,+0000000000000.00, 
                                                      ,009033000609, 23844329 ,+0000000000000.00, 
                                                      ,003033003385, 62334164 ,+0000000000000.00, 
                                                      ,016033000112, 93686045 ,+0000000000000.00, 
                                                      ,010033000434, 20022957 ,+0000000000000.00, 
                                                      ,023033000379, 68131715 ,+0000000000000.00, 
                                                      ,003033000688, 08614948 ,+0000000000000.00, 
                                                      ,015033000051, 80050942 ,+0000000000000.00, 
                                                      ,041033000222, 67404526 ,+0000000000000.00, 
                                                      ,029033000251, 83889247 ,+0000000000000.00, 
                                                      ,057033000034, 90602148 ,+0000000000000.00, 
                                                      ,009033000496, 28881547 ,+0000000000000.00, 
                                                      ,011033000666, 20490473 ,+0000000000000.00, 
                                                      ,009033000617, 31641828 ,+0000000000000.00, 
                                                      ,013033000107, 28881948 ,+0000000000000.00, 
                                                      ,026033000927, 14254849 ,+0000000000000.00, 
                                                      ,009033000025, 02398240 ,+0000000000000.00, 
                                                      ,017033000596, 14111241 ,+0000000000000.00, 
                                                      ,009033000269, 02365545 ,+0000000000000.00, 
                                                      ,012033000402, 50435462 ,+0000000000000.00, 
                                                      ,009033000544, 28894031 ,+0000000000000.00, 
                                                      ,013033000148, 61379231 ,+0000000000000.00, 
                                                      ,026033000562, 28741205 ,+0000000000000.00, 
                                                      ,022033000285, 84595849 ,+0000000000000.00, 
                                                      ,022033000309, 31501377 ,+0000000000000.00, 
                                                      ,017033000685, 50184202 ,+0000000000000.00, 
                                                      ,010033000823, 62878390 ,+0000000000000.00, 
                                                      ,009033000374, 03122876 ,+0000000000000.00, 
                                                      ,016033000275, 50879248 ,+0000000000000.00, 
                                                      ,068033000375, 23733203 ,+0000000000000.00, 
                                                      ,026033000895, 14107775 ,+0000000000000.00, 
                                                      ,016033001125, 93005341 ,+0000000000000.00, 
                                                      ,041033000863, 14256260 ,+0000000000000.00, 
                                                      ,038033000064, 23732572 ,+0000000000000.00, 
                                                      ,041033000741, 58728146 ,+0000000000000.00, 
                                                      ,016033001222, 92099243 ,+0000000000000.00, 
                                                      ,024033000034, 30493245 ,+0000000000000.00, 
                                                      ,030033000011, 99772549 ,+0000000000000.00, 
                                                      ,011033001168, 50437319 ,+0000000000000.00, 
                                                      ,028033000985, 50184218 ,+0000000000000.00, 
                                                      ,030033000036, 99791849 ,+0000000000000.00, 
                                                      ,017033000611, 14252553 ,+0000000000000.00, 
                                                      ,016033000242, 95873134 ,+0000000000000.00, 
                                                      ,016033001085, 93247046 ,+0000000000000.00, 
                                                      ,015033000862, 62878379 ,+0000000000000.00, 
                                                      ,010033000337, 50189864 ,+0000000000000.00, 
                                                      ,068033000294, 24469937 ,+0000000000000.00, 
                                                      ,030033000247, 20951786 ,+0000000000000.00, 
                                                      ,009033000803, 98356516 ,+0000000000000.00, 
                                                      ,068033000197, 53082209 ,+0000000000000.00, 
                                                      ,003033002178, 07748358 ,+0000000000000.00, 
                                                      ,026033000181, 87874656 ,+0000000000000.00, 
                                                      ,010033000815, 62869696 ,+0000000000000.00, 
                                                      ,023033000013, 37749342 ,+0000000000000.00, 
                                                      ,015033000465, 23626529 ,+0000000000000.00, 
                                                      ,030033000199, 66544447 ,+0000000000000.00, 
                                                      ,017033000303, 14132619 ,+0000000000000.00, 
                                                      ,017033000174, 34805545 ,+0000000000000.00, 
                                                      ,015033000157, 80053243 ,+0000000000000.00, 
                                                      ,043033000207, 62854693 ,+0000000000000.00, 
                                                      ,031033000187, 31501356 ,+0000000000000.00, 
                                                      ,029033000227, 94417843 ,+0000000000000.00, 
                                                      ,028033000896, 31507584 ,+0000000000000.00, 
                                                      ,003033003352, 61697379 ,+0000000000000.00, 
                                                      ,003033002859, 20951954 ,+0000000000000.00, 
                                                      ,011033001095, 62879425 ,+0000000000000.00, 
                                                      ,017033000036, 34878647 ,+0000000000000.00, 
                                                      ,016033000104, 92059948 ,+0000000000000.00, 
                                                      ,009033000585, 28345666 ,+0000000000000.00, 
                                                      ,003033003328, 14269930 ,+0000000000000.00, 
                                                      ,026033001031, 28237727 ,+0000000000000.00, 
                                                      ,041033000685, 12961351 ,+0000000000000.00, 
                                                      ,022033000041, 84849244 ,+0000000000000.00, 
                                                      ,015033000902, 68251819 ,+0000000000000.00, 
                                                      ,018033000381, 38797145 ,+0000000000000.00, 
                                                      ,015033000043, 14131057 ,+0000000000000.00, 
                                                      ,016033001166, 93944847 ,+0000000000000.00, 
                                                      ,018033000065, 38957044 ,+0000000000000.00, 
                                                      ,016033001036, 04184845 ,+0000000000000.00, 
                                                      ,049033000404, 62855712 ,+0000000000000.00, 
                                                      ,029033000105, 83850841 ,+0000000000000.00, 
                                                      ,017033000522, 50429020 ,+0000000000000.00, 
                                                      ,014033000711, 62336260 ,+0000000000000.00, 
                                                      ,043033000142, 23847523 ,+0000000000000.00, 
                                                      ,032033000142, 05884247 ,+0000000000000.00, 
                                                      ,012033000257, 31514197 ,+0000000000000.00, 
                                                      ,003033000022, 70941642 ,+0000000000000.00, 
                                                      ,028033001121, 50076731 ,+0000000000000.00, 
                                                      ,009033000771, 62879477 ,+0000000000000.00, 
                                                      ,025033000411, 21616343 ,+0000000000000.00, 
                                                      ,018033000268, 30316224 ,+0000000000000.00, 
                                                      ,026033001048, 61695630 ,+0000000000000.00, 
                                                      ,022033000139, 85229644 ,+0000000000000.00, 
                                                      ,068033000156, 31517647 ,+0000000000000.00, 
                                                      ,026033000465, 20022963 ,+0000000000000.00, 
                                                      ,031033000357, 98731003 ,+0000000000000.00, 
                                                      ,003033003458, 97460407 ,+0000000000000.00, 
                                                      ,014033000282, 09268549 ,+0000000000000.00, 
                                                      ,009033000788, 38520845 ,+0000000000000.00, 
                                                      ,011033000463, 13251745 ,+0000000000000.00, 
                                                      ,016033000129, 93602830 ,+0000000000000.00, 
                                                      ,043033000231, 37945196 ,+0000000000000.00, 
                                                      ,026033001178, 20567079 ,+0000000000000.00, 
                                                      ,015033000238, 82533345 ,+0000000000000.00, 
                                                      ,014033000396, 67363487 ,+0000000000000.00, 
                                                      ,003033003499, 95517448 ,+0000000000000.00, 
                                                      ,032033000045, 14131247 ,+0000000000000.00, 
                                                      ,010033000475, 28077738 ,+0000000000000.00, 
                                                      ,029033000365, 83851840 ,+0000000000000.00, 
                                                      ,037033000019, 91532544 ,+0000000000000.00, 
                                                      ,060033000071, 22019649 ,+0000000000000.00, 
                                                      ,014033000477, 28232246 ,+0000000000000.00, 
                                                      ,010033000783, 24773036 ,+0000000000000.00, 
                                                      ,009033000706, 14125932 ,+0000000000000.00, 
                                                      ,017033000669, 50871747 ,+0000000000000.00, 
                                                      ,018033000113, 14132753 ,+0000000000000.00, 
                                                      ,003033002615, 65666215 ,+0000000000000.00, 
                                                      ,030033000288, 23845829 ,+0000000000000.00, 
                                                      ,026033001112, 97452025 ,+0000000000000.00, 
                                                      ,010033000037, 96458743 ,+0000000000000.00, 
                                                      ,049033000015, 93275346 ,+0000000000000.00, 
                                                      ,026033000968, 14243243 ,+0000000000000.00, 
                                                      ,026033001186, 87374016 ,+0000000000000.00, 
                                                      ,022033000122, 84849342 ,+0000000000000.00, 
                                                      ,009033000041, 02238842 ,+0000000000000.00, 
                                                      ,009033000463, 03933818 ,+0000000000000.00, 
                                                      ,017033000466, 28233721 ,+0000000000000.00, 
                                                      ,015033000432, 28895288 ,+0000000000000.00, 
                                                      ,016033001271, 93037147 ,+0000000000000.00, 
                                                      ,012033000046, 00874640 ,+0000000000000.00, 
                                                      ,049033000429, 68240689 ,+0000000000000.00, 
                                                      ,060033000055, 29168286 ,+0000000000000.00, 
                                                      ,017033000709, 37089955 ,+0000000000000.00, 
                                                      ,018033000251, 62868722 ,+0000000000000.00, 
                                                      ,018033000365, 08247863 ,+0000000000000.00, 
                                                      ,011033000682, 20951743 ,+0000000000000.00, 
                                                      ,010033000207, 95214748 ,+0000000000000.00, 
                                                      ,015033000513, 62875124 ,+0000000000000.00, 
                                                      ,041033000782, 14243885 ,+0000000000000.00, 
                                                      ,013033000075, 05355099 ,+0000000000000.00, 
                                                      ,043033000037, 94635741 ,+0000000000000.00, 
                                                      ,017033000514, 50428340 ,+0000000000000.00, 
                                                      ,060033000047, 22941545 ,+0000000000000.00, 
                                                      ,043033000191, 24782092 ,+0000000000000.00, 
                                                      ,011033001054, 14252826 ,+0000000000000.00, 
                                                      ,068033000391, 97449764 ,+0000000000000.00, 
                                                      ,016033001247, 92255441 ,+0000000000000.00, 
                                                      ,026033000773, 50077611 ,+0000000000000.00, 
                                                      ,029033000316, 94742742 ,+0000000000000.00, 
                                                      ,003033003052, 31516082 ,+0000000000000.00, 
                                                      ,011033001192, 66274683 ,+0000000000000.00, 
                                                      ,012033000095, 00755742 ,+0000000000000.00, 
                                                      ,030033000069, 99791142 ,+0000000000000.00, 
                                                      ,041033000839, 62325706 ,+0000000000000.00, 
                                                      ,016033001044, 92670045 ,+0000000000000.00, 
                                                      ,013033000026, 05620549 ,+0000000000000.00, 
                                                      ,010033000742, 14125905 ,+0000000000000.00, 
                                                      ,043033000175, 14108196 ,+0000000000000.00, 
                                                      ,022033000333, 14135806 ,+0000000000000.00, 
                                                      ,027033000023, 14131868 ,+0000000000000.00, 
                                                      ,029033000357, 94577144 ,+0000000000000.00, 
                                                      ,049033000153, 67404532 ,+0000000000000.00, 
                                                      ,016033001011, 92246540 ,+0000000000000.00, 
                                                      ,003033000047, 07194548 ,+0000000000000.00, 
                                                      ,030033000336, 50438179 ,+0000000000000.00, 
                                                      ,016033000097, 92083242 ,+0000000000000.00, 
                                                      ,009033000747, 24786563 ,+0000000000000.00, 
                                                      ,015033000521, 28233307 ,+0000000000000.00, 
                                                      ,016033000023, 92824048 ,+0000000000000.00, 
                                                      ,014033000671, 61695465 ,+0000000000000.00, 
                                                      ,026033000319, 66109459 ,+0000000000000.00, 
                                                      ,023033000395, 27597559 ,+0000000000000.00, 
                                                      ,028033000774, 16519887 ,+0000000000000.00, 
                                                      ,029033000349, 83710643 ,+0000000000000.00, 
                                                      ,041033000271, 20553576 ,+0000000000000.00, 
                                                      ,015033000457, 28148092 ,+0000000000000.00, 
                                                      ,016033001328, 38477319 ,+0000000000000.00, 
                                                      ,024033000018, 14132774 ,+0000000000000.00, 
                                                      ,026033000798, 50437355 ,+0000000000000.00, 
                                                      ,049033000364, 14246643 ,+0000000000000.00, 
                                                      ,003033001002, 07176541 ,+0000000000000.00, 
                                                      ,043033000053, 94645347 ,+0000000000000.00, 
                                                      ,025033000233, 35304813 ,+0000000000000.00, 
                                                      ,010033000589, 95258443 ,+0000000000000.00, 
                                                      ,014033000039, 09527848 ,+0000000000000.00, 
                                                      ,028033000036, 15066747 ,+0000000000000.00, 
                                                      ,032033000256, 62336254 ,+0000000000000.00, 
                                                      ,003033003522, 27811934 ,+0000000000000.00, 
                                                      ,068033000407, 87497548 ,+0000000000000.00, 
                                                      ,049033000023, 14131222 ,+0000000000000.00, 
                                                      ,031033000373, 38477134 ,+0000000000000.00, 
                                                      ,026033000262, 06074521 ,+0000000000000.00, 
                                                      ,015033000805, 28146073 ,+0000000000000.00, 
                                                      ,011033000917, 30313362 ,+0000000000000.00, 
                                                      ,003033003539, 27948312 ,+0000000000000.00, 
                                                      ,029033000373, 83452146 ,+0000000000000.00, 
                                                      ,038033000056, 14255848 ,+0000000000000.00, 
                                                      ,029033000324, 58651965 ,+0000000000000.00, 
                                                      ,016033000259, 50889102 ,+0000000000000.00, 
                                                      ,009033000414, 20951636 ,+0000000000000.00, 
                                                      ,009033000317, 02398044 ,+0000000000000.00, 
                                                      ,011033001013, 14189711 ,+0000000000000.00, 
                                                      ,032033000101, 05809846 ,+0000000000000.00, 
                                                      ,016033000356, 14256198 ,+0000000000000.00, 
                                                      ,068033000123, 82533345 ,+0000000000000.00, 
                                                      ,033033000017, 56655527 ,+0000000000000.00, 
                                                      ,068033000237, 14101115 ,+0000000000000.00, 
                                                      ,018033000479, 61382195 ,+0000000000000.00, 
                                                      ,042033000324, 73655453 ,+0000000000000.00, 
                                                      ,015033000579, 22296840 ,+0000000000000.00, 
                                                      ,022033000414, 84527144 ,+0000000000000.00, 
                                                      ,027033000161, 05200605 ,+0000000000000.00, 
                                                      ,026033001064, 09726653 ,+0000000000000.00, 
                                                      ,026033001072, 62878364 ,+0000000000000.00, 
                                                      ,003033003506, 27138689 ,+0000000000000.00, 
                                                      ,011033000811, 28882088 ,+0000000000000.00, 
                                                      ,013033000018, 05884247 ,+0000000000000.00, 
                                                      ,067033000013, 01845241 ,+0000000000000.00, 
                                                      ,016033001311, 69751791 ,+0000000000000.00, 
                                                      ,067033000135, 24798107 ,+0000000000000.00, 
                                                      ,017033000352, 35455440 ,+0000000000000.00, 
                                                      ,058033001173, 85960040 ,+0000000000000.00, 
                                                      ,029033000049, 14131099 ,+0000000000000.00, 
                                                      ,017033000474, 14252000 ,+0000000000000.00, 
                                                      ,014033000055, 14131367 ,+0000000000000.00, 
                                                      ,009033000471, 20367133 ,+0000000000000.00, 
                                                      ,016033000315, 14198513 ,+0000000000000.00, 
                                                      ,016033001174, 04837343 ,+0000000000000.00, 
                                                      ,029033000276, 94587545 ,+0000000000000.00, 
                                                      ,029033000024, 83636143 ,+0000000000000.00, 
                                                      ,027033000267, 14190717 ,+0000000000000.00, 
                                                      ,014033000469, 28230838 ,+0000000000000.00, 
                                                      ,043033000061, 94646445 ,+0000000000000.00, 
                                                      ,012033000135, 00847447 ,+0000000000000.00, 
                                                      ,042033000219, 14131718 ,+0000000000000.00, 
                                                      ,022033000196, 86448844 ,+0000000000000.00, 
                                                      ,031033000024, 07703240 ,+0000000000000.00, 
                                                      ,032033000078, 05808543 ,+0000000000000.00, 
                                                      ,028033001146, 31519362 ,+0000000000000.00, 
                                                      ,003033003288, 14189705 ,+0000000000000.00, 
                                                      ,031033000179, 28230822 ,+0000000000000.00, 
                                                      ,026033000149, 87877441 ,+0000000000000.00, 
                                                      ,031033000251, 50278101 ,+0000000000000.00, 
                                                      ,030033000044, 14131005 ,+0000000000000.00, 
                                                      ,003033002753, 20564299 ,+0000000000000.00, 
                                                      ,032033000264, 68122030 ,+0000000000000.00, 
                                                      ,010033000701, 50276821 ,+0000000000000.00, 
                                                      ,009033000033, 03545348 ,+0000000000000.00, 
                                                      ,011033001087, 61382293 ,+0000000000000.00, 
                                                      ,058033001181, 86444141 ,+0000000000000.00, 
                                                      ,015033000732, 01334971 ,+0000000000000.00, 
                                                      ,029033000421, 50881745 ,+0000000000000.00, 
                                                      ,014033000541, 23849953 ,+0000000000000.00, 
                                                      ,014033000574, 31515098 ,+0000000000000.00, 
                                                      ,018033000292, 38518240 ,+0000000000000.00, 
                                                      ,003033002023, 07470740 ,+0000000000000.00, 
                                                      ,026033000076, 87874345 ,+0000000000000.00, 
                                                      ,016033001052, 93057645 ,+0000000000000.00, 
                                                      ,018033000138, 38719444 ,+0000000000000.00, 
                                                      ,017033000125, 34973749 ,+0000000000000.00, 
                                                      ,014033000525, 23847363 ,+0000000000000.00, 
                                                      ,026033000554, 28881258 ,+0000000000000.00, 
                                                      ,026033100013, 87445344 ,+0000000000000.00, 
                                                      ,049033000234, 28894148 ,+0000000000000.00, 
                                                      ,015033000757, 14198528 ,+0000000000000.00, 
                                                      ,028033001154, 61685249 ,+0000000000000.00, 
                                                      ,014033000258, 09527141 ,+0000000000000.00, 
                                                      ,029033000479, 98350564 ,+0000000000000.00, 
                                                      ,010033000467, 28883035 ,+0000000000000.00, 
                                                      ,015033000887, 31507780 ,+0000000000000.00, 
                                                      ,049033000031, 93173840 ,+0000000000000.00, 
                                                      ,003033003393, 62338486 ,+0000000000000.00, 
                                                      ,003033002834, 20951765 ,+0000000000000.00, 
                                                      ,015033000376, 20028550 ,+0000000000000.00, 
                                                      ,015033000538, 23840302 ,+0000000000000.00, 
                                                      ,026033000068, 14131970 ,+0000000000000.00, 
                                                      ,043033000167, 50282086 ,+0000000000000.00, 
                                                      ,031033000308, 14104741 ,+0000000000000.00, 
                                                      ,022033000382, 14252037 ,+0000000000000.00, 
                                                      ,003033003125, 23732593 ,+0000000000000.00, 
                                                      ,031033000081, 07703741 ,+0000000000000.00, 
                                                      ,016033001117, 04669921 ,+0000000000000.00, 
                                                      ,022033000496, 62316150 ,+0000000000000.00, 
                                                      ,016033000201, 20951791 ,+0000000000000.00, 
                                                      ,030033000328, 31516391 ,+0000000000000.00, 
                                                      ,011033001046, 31515578 ,+0000000000000.00, 
                                                      ,049033000089, 04197142 ,+0000000000000.00, 
                                                      ,010033000791, 30316126 ,+0000000000000.00, 
                                                      ,049033000412, 31516082 ,+0000000000000.00, 
                                                      ,059033000035, 06670548 ,+0000000000000.00, 
                                                      ,017033000311, 36586456 ,+0000000000000.00, 
                                                      ,026033001137, 63528859 ,+0000000000000.00, 
                                                      ,010033000329, 20953757 ,+0000000000000.00, 
                                                      ,017033000417, 36948540 ,+0000000000000.00, 
                                                      ,028033000069, 15826941 ,+0000000000000.00, 
                                                      ,049033000291, 23730052 ,+0000000000000.00, 
                                                      ,010033000012, 95216746 ,+0000000000000.00, 
                                                      ,012033000419, 00848043 ,+0000000000000.00, 
                                                      ,025033000209, 28895307 ,+0000000000000.00, 
                                                      ,003033002437, 66264690 ,+0000000000000.00, 
                                                      ,011033001119, 62337868 ,+0000000000000.00, 
                                                      ,041033000774, 61695747 ,+0000000000000.00, 
                                                      ,059033000043, 06748044 ,+0000000000000.00, 
                                                      ,041033000871, 97452010 ,+0000000000000.00, 
                                                      ,022033000511, 38478401 ,+0000000000000.00, 
                                                      ,003033002356, 07858361 ,+0000000000000.00, 
                                                      ,009033000017, 02397349 ,+0000000000000.00, 
                                                      ,025033000299, 28698385 ,+0000000000000.00, 
                                                      ,026033000392, 20952831 ,+0000000000000.00, 
                                                      ,010033000029, 95201144 ,+0000000000000.00, 
                                                      ,010033000078, 95096947 ,+0000000000000.00, 
                                                      ,014033000322, 00901518 ,+0000000000000.00, 
                                                      ,011033001079, 14254607 ,+0000000000000.00, 
                                                      ,015033000668, 31517503 ,+0000000000000.00, 
                                                      ,011033000869, 28237635 ,+0000000000000.00, 
                                                      ,041033000125, 88135445 ,+0000000000000.00, 
                                                      ,016033000015, 92058243 ,+0000000000000.00, 
                                                      ,012033000346, 38477072 ,+0000000000000.00, 
                                                      ,003033000014, 70952294 ,+0000000000000.00, 
                                                      ,022033000099, 85227047 ,+0000000000000.00, 
                                                      ,011033001021, 24778387 ,+0000000000000.00, 
                                                      ,026033000919, 14115471 ,+0000000000000.00, 
                                                      ,010033000272, 96094165 ,+0000000000000.00, 
                                                      ,016033001288, 89842142 ,+0000000000000.00, 
                                                      ,022033000155, 85228340 ,+0000000000000.00, 
                                                      ,017033000693, 61695815 ,+0000000000000.00, 
                                                      ,060033000014, 22941849 ,+0000000000000.00, 
                                                      ,003033002826, 20724246 ,+0000000000000.00, 
                                                      ,057033000253, 50421091 ,+0000000000000.00, 
                                                      ,003033003369, 50875620 ,+0000000000000.00, 
                                                      ,017033000603, 23723278 ,+0000000000000.00, 
                                                      ,031033000146, 08264810 ,+0000000000000.00, 
                                                      ,009033000382, 66601380 ,+0000000000000.00, 
                                                      ,009033000763, 14246066 ,+0000000000000.00, 
                                                      ,049033000348, 50281298 ,+0000000000000.00, 
                                                      ,027033000031, 77720449 ,+0000000000000.00, 
                                                      ,042033000398, 67817026 ,+0000000000000.00, 
                                                      ,010033000848, 62877267 ,+0000000000000.00, 
                                                      ,015033000619, 50428841 ,+0000000000000.00, 
                                                      ,017033000571, 50886896 ,+0000000000000.00, 
                                                      ,010033000361, 20952947 ,+0000000000000.00, 
                                                      ,016033000072, 92082842 ,+0000000000000.00, 
                                                      ,016033001093, 93847443 ,+0000000000000.00, 
                                                      ,026033000457, 20029177 ,+0000000000000.00, 
                                                      ,003033003158, 23840298 ,+0000000000000.00, 
                                                      ,003033003174, 71432841 ,+0000000000000.00, 
                                                      ,003033002283, 08675354 ,+0000000000000.00, 
                                                      ,016033000429, 68134257 ,+0000000000000.00, 
                                                      ,009033000682, 50285893 ,+0000000000000.00, 
                                                      ,026033000635, 28344290 ,+0000000000000.00, 
                                                      ,022033000017, 84842448 ,+0000000000000.00, 
                                                      ,018033000398, 38183661 ,+0000000000000.00, 
                                                      ,031033000284, 14258252 ,+0000000000000.00, 
                                                      ,014033000696, 66865068 ,+0000000000000.00, 
                                                      ,016033001077, 04893149 ,+0000000000000.00, 
                                                      ,036033000177, 71746745 ,+0000000000000.00, 
                                                      ,022033000106, 84938789 ,+0000000000000.00, 
                                                      ,030033000393, 14102667 ,+0000000000000.00, 
                                                      ,003033003117, 23733230 ,+0000000000000.00, 
                                                      ,049033000437, 38478469 ,+0000000000000.00, 
                                                      ,026033000579, 28894820 ,+0000000000000.00, 
                                                      ,018033000502, 23739827 ,+0000000000000.00, 
                                                      ,025033000185, 11441296 ,+0000000000000.00, 
                                                      ,023033000054, 37857646 ,+0000000000000.00, 
                                                      ,060033000144, 14252811 ,+0000000000000.00, 
                                                      ,025033000258, 61686033 ,+0000000000000.00, 
                                                      ,030033000158, 99791545 ,+0000000000000.00, 
                                                      ,015033000302, 20368587 ,+0000000000000.00, 
                                                      ,057033000026, 90796145 ,+0000000000000.00, 
                                                      ,009033000503, 28881832 ,+0000000000000.00, 
                                                      ,028033000117, 18844042 ,+0000000000000.00, 
                                                      ,018033000487, 61670470 ,+0000000000000.00, 
                                                      ,026033000602, 21162343 ,+0000000000000.00, 
                                                      ,026033001145, 50275929 ,+0000000000000.00, 
                                                      ,029033000308, 83665149 ,+0000000000000.00, 
                                                      ,049033000056, 93038244 ,+0000000000000.00, 
                                                      ,028033000011, 15093743 ,+0000000000000.00, 
                                                      ,042033000413, 66265058 ,+0000000000000.00, 
                                                      ,009033000755, 62859852 ,+0000000000000.00, 
                                                      ,032033000037, 05620441 ,+0000000000000.00, 
                                                      ,023033000168, 37856441 ,+0000000000000.00, 
                                                      ,057033000301, 24794850 ,+0000000000000.00, 
                                                      ,057033000042, 14131026 ,+0000000000000.00, 
                                                      ,010033000831, 38518240 ,+0000000000000.00, 
                                                      ,011033001184, 28230908 ,+0000000000000.00, 
                                                      ,014033000639, 14258102 ,+0000000000000.00, 
                                                      ,030033000441, 61695738 ,+0000000000000.00, 
                                                      ,018033000024, 38618249 ,+0000000000000.00, 
                                                      ,018033000276, 38520845 ,+0000000000000.00, 
                                                      ,028033000799, 14132470 ,+0000000000000.00, 
                                                      ,030033000133, 99772843 ,+0000000000000.00, 
                                                      ,067033000087, 01472418 ,+0000000000000.00, 
                                                      ,025033000014, 29943441 ,+0000000000000.00, 
                                                      ,018033000495, 98727376 ,+0000000000000.00, 
                                                      ,049033000072, 93294048 ,+0000000000000.00, 
                                                      ,060033000152, 24466357 ,+0000000000000.00, 
                                                      ,068033000367, 23445276 ,+0000000000000.00, 
                                                      ,026033000505, 20362737 ,+0000000000000.00, 
                                                      ,017033000539, 50437067 ,+0000000000000.00, 
                                                      ,026033001097, 62320025 ,+0000000000000.00, 
                                                      ,009033000058, 14131309 ,+0000000000000.00, 
                                                      ,038033000048, 62870135 ,+0000000000000.00, 
                                                      ,003033003182, 30312074 ,+0000000000000.00, 
                                                      ,016033000226, 23849856 ,+0000000000000.00, 
                                                      ,011033000309, 13440602 ,+0000000000000.00, 
                                                      ,041033000758, 20724872 ,+0000000000000.00, 
                                                      ,068033000326, 81487414 ,+0000000000000.00, 
                                                      ,016033001003, 92056147 ,+0000000000000.00, 
                                                      ,024033000059, 61685276 ,+0000000000000.00, 
                                                      ,016033000031, 92846642 ,+0000000000000.00, 
                                                      ,003033003555, 34898802 ,+0000000000000.00, 
                                                      ,026033000732, 31517674 ,+0000000000000.00, 
                                                      ,025033000022, 29736441 ,+0000000000000.00, 
                                                      ,023033000321, 14252016 ,+0000000000000.00, 
                                                      ,009033000366, 03191913 ,+0000000000000.00, 
                                                      ,025033000193, 11443056 ,+0000000000000.00, 
                                                      ,016033001158, 04184541 ,+0000000000000.00, 
                                                      ,031033000365, 28881878 ,+0000000000000.00, 
                                                      ,026033000019, 87876245 ,+0000000000000.00, 
                                                      ,011033000788, 20237160 ,+0000000000000.00, 
                                                      ,010033000889, 28232004 ,+0000000000000.00, 
                                                      ,031033000065, 14131238 ,+0000000000000.00, 
                                                      ,026033000757, 50431367 ,+0000000000000.00, 
                                                      ,010033000183, 95427360 ,+0000000000000.00, 
                                                      ,022033000066, 85134540 ,+0000000000000.00, 
                                                      ,010033000289, 96384995 ,+0000000000000.00, 
                                                      ,042033000421, 79318055 ,+0000000000000.00, 
                                                      ,016033000089, 92808358 ,+0000000000000.00, 
                                                      ,011033000074, 13878247 ,+0000000000000.00, 
                                                      ,029033000446, 00241539 ,+0000000000000.00, 
                                                      ,003033002404, 08594393 ,+0000000000000.00, 
                                                      ,028033000077, 15099344 ,+0000000000000.00, 
                                                      ,014033000022, 09246545 ,+0000000000000.00, 
                                                      ,026033000595, 28146693 ,+0000000000000.00, 
                                                      ,012033000281, 50277780 ,+0000000000000.00, 
                                                      ,057033000059, 90795549 ,+0000000000000.00, 
                                                      ,016033000218, 23735414 ,+0000000000000.00, 
                                                      ,010033000807, 50275162 ,+0000000000000.00, 
                                                      ,015033000821, 24784950 ,+0000000000000.00, 
                                                      ,026033000821, 27211976 ,+0000000000000.00, 
                                                      ,030033000458, 68256618 ,+0000000000000.00, 
                                                      ,012033000208, 00877441 ,+0000000000000.00, 
                                                      ,014033000411, 20020124 ,+0000000000000.00, 
                                                      ,015033000895, 80586642 ,+0000000000000.00, 
                                                      ,014033000274, 07215330 ,+0000000000000.00, 
                                                      ,060033000111, 28232851 ,+0000000000000.00, 
                                                      ,003033002948, 09140384 ,+0000000000000.00, 
                                                      ,041033000652, 50189879 ,+0000000000000.00, 
                                                      ,003033003311, 14130935 ,+0000000000000.00, 
                                                      ,013033000156, 05361606 ,+0000000000000.00, 
                                                      ,057033000237, 23847539 ,+0000000000000.00, 
                                                      ,025033000096, 29851540 ,+0000000000000.00, 
                                                      ,018033000357, 39044742 ,+0000000000000.00, 
                                                      ,011033000593, 66295573 ,+0000000000000.00, 
                                                      ,048033000019, 70952294 ,+0000000000000.00, 
                                                      ,057033000172, 20951713 ,+0000000000000.00, 
                                                      ,009033000739, 28146068 ,+0000000000000.00, 
                                                      ,018033000332, 14258273 ,+0000000000000.00, 
                                                      ,010033000775, 23722826 ,+0000000000000.00, 
                                                      ,029033000413, 50878818 ,+0000000000000.00, 
                                                      ,029033000243, 14256140 ,+0000000000000.00, 
                                                      ,027033000356, 50437211 ,+0000000000000.00, 
                                                      ,003033002145, 07194502 ,+0000000000000.00, 
                                                      ,010033000645, 50875430 ,+0000000000000.00, 
                                                      ,026033000951, 57690840 ,+0000000000000.00, 
                                                      ,015033000919, 61688584 ,+0000000000000.00, 
                                                      ,017033000011, 34797349 ,+0000000000000.00, 
                                                      ,049033000356, 14118940 ,+0000000000000.00, 
                                                      ,012033000435, 61363992 ,+0000000000000.00, 
                                                      ,026033000376, 67363466 ,+0000000000000.00, 
                                                      ,013033000042, 05772046 ,+0000000000000.00, 
                                                      ,027033000348, 67363558 ,+0000000000000.00, 
                                                      ,068033000286, 14253324 ,+0000000000000.00, 
                                                      ,041033000847, 23731810 ,+0000000000000.00, 
                                                      ,023033000038, 37855245 ,+0000000000000.00, 
                                                      ,015033000765, 14101001 ,+0000000000000.00, 
                                                      ,003033003336, 23732509 ,+0000000000000.00, 
                                                      ,003033002907, 20953973 ,+0000000000000.00, 
                                                      ,029033000381, 83482140 ,+0000000000000.00, 
                                                      ,010033000345, 20027298 ,+0000000000000.00, 
                                                      ,049033000129, 93583267 ,+0000000000000.00, 
                                                      ,018033000413, 39953644 ,+0000000000000.00, 
                                                      ,014033000428, 00997380 ,+0000000000000.00, 
                                                      ,026033000198, 87841268 ,+0000000000000.00, 
                                                      ,018033000349, 38753246 ,+0000000000000.00, 
                                                      ,038033600015, 11799526 ,+0000000000000.00, 
                                                      ,010033000426, 96985075 ,+0000000000000.00, 
                                                      ,038033000031, 61680484 ,+0000000000000.00, 
                                                      ,003033002623, 56985260 ,+0000000000000.00, 
                                                      ,025033000039, 29850246 ,+0000000000000.00, 
                                                      ,018033000373, 38947948 ,+0000000000000.00, 
                                                      ,016033001141, 04883849 ,+0000000000000.00, 
                                                      ,013033000115, 56487397 ,+0000000000000.00, 
                                                      ,015033000602, 14131063 ,+0000000000000.00, 
                                                      ,028033000109, 15084843 ,+0000000000000.00, 
                                                      ,011033001143, 97090787 ,+0000000000000.00, 
                                                      ,043033000012, 94623745 ,+0000000000000.00, 
                                                      ,030033000352, 50888182 ,+0000000000000.00, 
?********                                             ,022033000406, 84422248 ,+0000000000000.00, 
?********                                             ,029033000398, 94458845 ,+0000000000000.00, 
?********                                             ,022033000399, 84776948 ,+0000000000000.00, 
?********                                             ,029033000235, 94406041 ,+0000000000000.00, 
?**********                                           ,003033002964, 20362905 ,+0000000000000.00, 
?**********                                           ,003033003044, 50437211 ,+0000000000000.00, 
?**********                                           ,003033002801, 20951728 ,+0000000000000.00, 
?************                                         ,003033002494, 56655527 ,+0000000000000.00, 
?************                                         ,005033000015, 07146242 ,+0000000000000.00, 
?************                                         ,011033000471, 13298131 ,+0000000000000.00, 
?************                                         ,003033002526, 13298131 ,+0000000000000.00, 
?**************                                       ,032033000029, 05884846 ,+0000000000000.00, 
?****************                                     ,003033003433, 14109343 ,+0000000000000.00, 
?****************                                     ,003033000063, 07144745 ,+0000000000000.00, 
?****************                                     ,010033000215, 95250342 ,+0000000000000.00, 
?****************                                     ,003033003425, 14109343 ,+0000000000000.00, 
?******************                                   ,011033000633, 67096190 ,+0000000000000.00, 
?******************                                   ,015033000027, 81515742 ,+0000000000000.00, 
?******************                                   ,041033000539, 23734730 ,+0000000000000.00, 
?******************                                   ,010033000597, 23731877 ,+0000000000000.00, 
?******************                                   ,011033000058, 13076041 ,+0000000000000.00, 
?******************                                   ,041033000052, 88197342 ,+0000000000000.00, 
?******************                                   ,041033000077, 88946913 ,+0000000000000.00, 
?******************                                   ,041033000563, 31509582 ,+0000000000000.00, 
?******************                                   ,041033000603, 88197244 ,+0000000000000.00, 
?******************                                   ,057033000115, 90779540 ,+0000000000000.00, 
?******************                                   ,023033000021, 14132769 ,+0000000000000.00, 
?******************                                   ,011033000041, 13079244 ,+0000000000000.00, 
?******************                                   ,012033000102, 14131837 ,+0000000000000.00, 
?******************                                   ,015033000035, 80249345 ,+0000000000000.00, 
?******************                                   ,015033000473, 28230801 ,+0000000000000.00, 
?******************                                   ,038033000023, 64547687 ,+0000000000000.00, 
?******************                                   ,041033000011, 88227444 ,+0000000000000.00, 
?******************                                   ,011033000699, 20953763 ,+0000000000000.00, 
?******************                                   ,011033000722, 61685297 ,+0000000000000.00, 
?******************                                   ,015033000019, 80053842 ,+0000000000000.00, 
?******************                                   ,041033000296, 20964852 ,+0000000000000.00, 
?******************                                   ,022033000447, 61695407 ,+0000000000000.00, 
?******************                                   ,023033000305, 61670465 ,+0000000000000.00, 
?******************                                   ,011033000082, 14132491 ,+0000000000000.00, 
?******************                                   ,041033000036, 88226140 ,+0000000000000.00, 
?******************                                   ,027033000089, 77362754 ,+0000000000000.00, 
?******************                                   ,041033000028, 14131907 ,+0000000000000.00, 
?******************                                   ,023033000313, 14265837 ,+0000000000000.00, 
?******************                                   ,032033000012, 05772948 ,+0000000000000.00, 
?******************                                   ,041033000044, 88227846 ,+0000000000000.00, 
?******************                                   ,041033000069, 88298645 ,+0000000000000.00, 
?******************                                   ,003033002761, 20566633 ,+0000000000000.00, 
?******************                                   ,049033000372, 14252419 ,+0000000000000.00, 
?******************                                   ,022033000228, 67664919 ,+0000000000000.00, 
?********************                                 ,003033003214, 31516220 ,+0000000000000.00, 
?********************                                 ,042033000016, 70952294 ,+0000000000000.00, 
?**********************                               ,041033000693, 50277102 ,+0000000000000.00, 
?**********************                               ,041033000303, 67404200 ,+0000000000000.00, 
?**********************                               ,011033000771, 25505620 ,+0000000000000.00, 
?**********************                               ,068033000204, 50878802 ,+0000000000000.00, 
?**********************                               ,032033000272, 68259918 ,+0000000000000.00, 
?**********************                               ,003033003036, 50435483 ,+0000000000000.00, 
?**********************                               ,041033000141, 87031892 ,+0000000000000.00, 
?**********************                               ,042033000251, 79977848 ,+0000000000000.00, 
?**********************                               ,068033000067, 81526064 ,+0000000000000.00, 
?**********************                               ,030033000214, 67363471 ,+0000000000000.00, 
?**********************                               ,022033000244, 67070671 ,+0000000000000.00, 
?**********************                               ,003033003077, 62851365 ,+0000000000000.00, 
?**********************                               ,032033000183, 31501362 ,+0000000000000.00, 
?**********************                               ,041033000474, 28344981 ,+0000000000000.00, 
?**********************                               ,009033000333, 02365545 ,+0000000000000.00, 
?**********************                               ,041033000466, 28238937 ,+0000000000000.00, 
?**********************                               ,041033000596, 31517669 ,+0000000000000.00, 
?**********************                               ,026033000157, 87115597 ,+0000000000000.00, 
?**********************                               ,041033000117, 88226346 ,+0000000000000.00, 
?**********************                               ,041033000133, 89453009 ,+0000000000000.00, 
?**********************                               ,041033000288, 20566111 ,+0000000000000.00, 
?**********************                               ,011033000406, 13079745 ,+0000000000000.00, 
?**********************                               ,027033000186, 66752586 ,+0000000000000.00, 
?**********************                               ,022033000025, 14132624 ,+0000000000000.00, 
?************************                             ,148033000013, 71432841 ,+0000000000000.00, 
?************************                             ,041033000611, 50438185 ,+0000000000000.00, 
?************************                             ,003033001132, 70952294 ,+0000000000000.00, 
?************************                             ,012033000313, 50875975 ,+0000000000000.00, 
?**************************                           ,003033003069, 80813547 ,+0000000000000.00, 
?**************************                           ,025033000274, 50889010 ,+0000000000000.00, 
?**************************                           ,039033000011, 12196621 ,+0000000000000.00, 
?**************************                           ,003033000103, 14133562 ,+0000000000000.00, 
?**************************                           ,022033000374, 14258294 ,+0000000000000.00, 
?**************************                           ,039033000028, 12196621 ,+0000000000000.00, 
?**************************                           ,003033000452, 58487388 ,+0000000000000.00, 
?****************************                         ,003033003377, 62865756 ,+0000000000000.00, 
?****************************                         ,003033001124, 07194548 ,+0000000000000.00, 
?********************************                     ,012033000338, 23733587 ,+0000000000000.00, 
?********************************                     ,014033000655, 24772310 ,+0000000000000.00, 
?********************************                     ,024033000042, 30787840 ,+0000000000000.00, 
?********************************                     ,016033000364, 14252424 ,+0000000000000.00, 
?********************************                     ,029033000065, 83859243 ,+0000000000000.00, 
?********************************                     ,022033000439, 61682340 ,+0000000000000.00, 
?********************************                     ,041033000709, 50270735 ,+0000000000000.00, 
?**********************************                   ,029033000113, 83779240 ,+0000000000000.00, 
?**********************************                   ,003033002672, 66100577 ,+0000000000000.00, 
?**********************************                   ,032033000231, 23846152 ,+0000000000000.00, 
?**********************************                   ,003033003441, 97460491 ,+0000000000000.00, 
?************************************                 ,003033002567, 56863479 ,+0000000000000.00, 
?************************************                 ,003033002956, 30318796 ,+0000000000000.00, 
?************************************                 ,049033000137, 28886274 ,+0000000000000.00, 
?************************************                 ,043033000029, 14131084 ,+0000000000000.00, 
?************************************                 ,012033000249, 28146016 ,+0000000000000.00, 
?************************************                 ,011033000236, 19422745 ,+0000000000000.00, 
?************************************                 ,015033000424, 28742536 ,+0000000000000.00, 
?************************************                 ,018033000462, 14195051 ,+0000000000000.00, 
?************************************                 ,028033001138, 14121881 ,+0000000000000.00, 
?************************************                 ,028033000044, 14132465 ,+0000000000000.00, 
