三****************************************************,003033003311, 14130935 ,+0000001277933.00, 
三****************************************************,010033000701, 50276821 ,+0000044604550.05, 
三****************************************************,009033000755, 62859852 ,+0000001207200.00, 
三****************************************************,049033000356, 14118940 ,+0000001088613.00, 
三****************************************************,026033001007, 50276837 ,+0000001109451.00, 
三****************************************************,011033001087, 61382293 ,+0000001069362.00, 
三****************************************************,015033000879, 61377000 ,+0000001000000.00, 
三****************************************************,016033000323, 14102651 ,+0000001005848.00, 
三****************************************************,030033000393, 14102667 ,+0000013690909.00, 
三****************************************************,058033001173, 85960040 ,+0000000398045.00, 
三****************************************************,029033000292, 83464946 ,+0000004552424.50, 
三****************************************************,029033000398, 94458845 ,+0000004854897.00, 
上****************************************************,042033000413, 66265058 ,+0000001000000.00, 
上****************************************************,041033000288, 20566111 ,+0000001271462.00, 
上****************************************************,026033001112, 97452025 ,+0000001198400.00, 
上****************************************************,010033000289, 96384995 ,+0000001500609.50, 
上****************************************************,009033000382, 66601380 ,+0000003628575.00, 
上****************************************************,003033002023, 47470740 ,+0000008724645.28, 
上****************************************************,068033000359, 62860054 ,+0000001000000.00, 
上****************************************************,068033000391, 97449764 ,+0000001049180.00, 
上****************************************************,015033000902, 68251819 ,+0000001050000.00, 
上****************************************************,022033000496, 62316150 ,+0000001435930.00, 
上****************************************************,041033000855, 14248797 ,+0000001050000.00, 
上****************************************************,026033000968, 14243243 ,+0000001074518.00, 
上****************************************************,017033000522, 50429020 ,+0000001002860.00, 
上****************************************************,041033000871, 97452010 ,+0000001100000.00, 
上****************************************************,043033000231, 37945196 ,+0000001010000.00, 
上****************************************************,049033000161, 67667231 ,+0000001445305.00, 
上****************************************************,026033000319, 66109459 ,+0000001105334.00, 
上****************************************************,011033000309, 13440602 ,+0000004105419.20, 
上****************************************************,012033000281, 50277780 ,+0000001000800.00, 
上****************************************************,015033000457, 28148092 ,+0000001742354.00, 
上****************************************************,041033000693, 50277102 ,+0000001248358.00, 
上****************************************************,025033000274, 50889010 ,+0000001282660.00, 
上****************************************************,030033000369, 50873549 ,+0000001305997.00, 
土****************************************************,026033000602, 21162343 ,+0000001227215.50, 
大****************************************************,003033003441, 97460491 ,+0000070293128.00, 
大****************************************************,003033003458, 97460407 ,+0000001764988.00, 
大****************************************************,029033000373, 83452146 ,+0000003867818.00, 
中****************************************************,005033000015, 47146242 ,+0017709761175.00, 
中****************************************************,042033000421, 79318055 ,+0000001419704.00, 
中****************************************************,010033000426, 96985075 ,+0000154899094.00, 
中****************************************************,022033000325, 14102150 ,+0000001942055.00, 
中****************************************************,027033000348, 67363558 ,+0000001548909.00, 
中****************************************************,041033000303, 67404200 ,+0000053950740.00, 
中****************************************************,031033000251, 50278101 ,+0000001213427.00, 
中****************************************************,009033000463, 03933818 ,+0000002703590.00, 
中****************************************************,018033000251, 62868722 ,+0000041462816.00, 
中****************************************************,032033000272, 68259918 ,+0000002240280.00, 
中****************************************************,026033000919, 14115471 ,+0000001100000.00, 
中****************************************************,003033002948, 49140384 ,+0000000508347.00, 
中****************************************************,017033000539, 50437067 ,+0000002779009.00, 
中****************************************************,049033000291, 23730052 ,+0000001232420.00, 
中****************************************************,028033001146, 31519362 ,+0000001392630.00, 
中****************************************************,014033000428, 00997380 ,+0000002561460.00, 
中****************************************************,023033000387, 68259923 ,+0000053132235.00, 
中****************************************************,026033000562, 28741205 ,+0000174875000.00, 
中****************************************************,011033000771, 25505620 ,+0000350530034.00, 
中****************************************************,012033000257, 31514197 ,+0000001489231.00, 
中****************************************************,015033000465, 23626529 ,+0000351184400.00, 
中****************************************************,016033000259, 50889102 ,+0000003493152.00, 
中****************************************************,025033000258, 61686033 ,+0000002000000.00, 
中****************************************************,030033000328, 31516391 ,+0000002105446.00, 
中****************************************************,033033000017, 56655527 ,+0000007689470.00, 
中****************************************************,003033002494, 56655527 ,+0000001256737.00, 
五****************************************************,058033001181, 86444141 ,+0000000018759.00, 
元****************************************************,041033000652, 50189879 ,+0000000000036.00, 
元****************************************************,057033000172, 20951713 ,+0000000426735.00, 
元****************************************************,023033000305, 61670465 ,+0000005950283.00, 
元****************************************************,003033003011, 20951759 ,+0000003775689.00, 
元****************************************************,031033000179, 28230822 ,+0000000046497.00, 
元****************************************************,010033000337, 50189864 ,+0000004553670.00, 
元****************************************************,009033000503, 28881832 ,+0000000015117.00, 
元****************************************************,028033000896, 31507584 ,+0000000018211.00, 
元****************************************************,038033000031, 61680484 ,+0000014013542.00, 
元****************************************************,017033000669, 50871747 ,+0000002018781.00, 
元****************************************************,011033001119, 62337868 ,+0000008609534.00, 
元****************************************************,014033000469, 28230838 ,+0000001655417.00, 
元****************************************************,016033000201, 20951791 ,+0000001391885.00, 
元****************************************************,030033000247, 20951786 ,+0000001503438.00, 
元****************************************************,022033000439, 61682340 ,+0000000039437.00, 
元****************************************************,018033000487, 61670470 ,+0000022839826.00, 
元****************************************************,029033000179, 31507557 ,+0000001297710.00, 
元****************************************************,049033000218, 20951707 ,+0000001285606.00, 
元****************************************************,013033000107, 28881948 ,+0000001814017.00, 
元****************************************************,015033000473, 28230801 ,+0000002531870.00, 
公****************************************************,029033000381, 83482140 ,+0000011796548.00, 
日****************************************************,003033003328, 14269930 ,+0000003828154.00, 
日****************************************************,003033002956, 30318796 ,+0000004400568.00, 
日****************************************************,011033001176, 68132744 ,+0000003008000.00, 
日****************************************************,003033003182, 30312074 ,+0000028501949.00, 
日****************************************************,010033000815, 62869696 ,+0000018066898.00, 
日****************************************************,011033000788, 20237160 ,+0000012401418.00, 
王****************************************************,003033003288, 14189705 ,+0000011853919.00, 
王****************************************************,010033000848, 62877267 ,+0000001001800.00, 
王****************************************************,011033001013, 14189711 ,+0000001002000.00, 
台****************************************************,010033156271, 95258443 ,+0000125000000.00, 
台****************************************************,010033156288, 95258443 ,+0000125000000.00, 
台****************************************************,010033156296, 95258443 ,+0001000000000.00, 
台****************************************************,010033156303, 95258443 ,+0000300000000.00, 
台****************************************************,010033156311, 95258443 ,+0001000000000.00, 
台****************************************************,010033156328, 95258443 ,+0000500000000.00, 
台****************************************************,010033156336, 95258443 ,+0000200000000.00, 
台****************************************************,010033156344, 95258443 ,+0002000000000.00, 
台****************************************************,010033000589, 95258443 ,+0000013133558.00, 
台****************************************************,010033156377, 95258443 ,+0002000000000.00, 
台****************************************************,010033156369, 95258443 ,+0000500000000.00, 
台****************************************************,009033000763, 14246066 ,+0000016905800.00, 
台****************************************************,057033000115, 90779540 ,+0000013392397.85, 
台****************************************************,010033000215, 95250342 ,+0000206223677.00, 
台****************************************************,041033000847, 23731810 ,+0000067367440.00, 
台****************************************************,031033000349, 50283632 ,+0000046553650.00, 
台****************************************************,003033003117, 23733230 ,+0000019981054.55, 
台****************************************************,014033000696, 66865068 ,+0000032573920.00, 
台****************************************************,068033000375, 23733203 ,+0000095569600.00, 
台****************************************************,043033000167, 50282086 ,+0000016334490.00, 
台****************************************************,029033000421, 50881745 ,+0000001970560.00, 
台****************************************************,026033001064, 49726653 ,+0000088944935.00, 
台****************************************************,016033000104, 92059948 ,+0000370363428.13, 
台****************************************************,032033000118, 05485240 ,+0000029162980.11, 
台****************************************************,049033000097, 93276846 ,+0000205251096.33, 
台****************************************************,059033000043, 06748044 ,+0000000490863.87, 
台****************************************************,011033000917, 30313362 ,+0000174645381.00, 
台****************************************************,030033000133, 99772843 ,+0000027489752.74, 
台****************************************************,037033000035, 91533445 ,+0000006979144.00, 
台****************************************************,041033000611, 50438185 ,+0000002574677.00, 
台****************************************************,003033002145, 47194502 ,+0000089743471.00, 
台****************************************************,031033000365, 28881878 ,+0000001500500.00, 
台****************************************************,023033000395, 27597559 ,+0000005857529.00, 
台****************************************************,009033000609, 23844329 ,+0000003457947.00, 
台****************************************************,060033000152, 24466357 ,+0000001023622.00, 
台****************************************************,018033000462, 14195051 ,+0000005398580.00, 
台****************************************************,017033000685, 50184202 ,+0000001320872.00, 
台****************************************************,015033000757, 14198528 ,+0000002954282.00, 
台****************************************************,028033000985, 50184218 ,+0000001368580.00, 
台****************************************************,014033000477, 28232246 ,+0000001607975.00, 
台****************************************************,016033000315, 14198513 ,+0000001365676.00, 
台****************************************************,025033000209, 28895307 ,+0000001520836.00, 
台****************************************************,049033000364, 14246643 ,+0000001791647.00, 
台****************************************************,012033000427, 97454244 ,+0000001410100.00, 
台****************************************************,011033000869, 28237635 ,+0000008809216.00, 
台****************************************************,043033000191, 24782092 ,+0000001256350.00, 
台****************************************************,030033000336, 50438179 ,+0000001569796.00, 
台****************************************************,022033000358, 14242306 ,+0000001699000.00, 
台****************************************************,010033000597, 23731877 ,+0000004587597.00, 
台****************************************************,026033000692, 23732536 ,+0000005184202.00, 
台****************************************************,010033000345, 20027298 ,+0000017084398.00, 
台****************************************************,009033000536, 28146356 ,+0000005013979.00, 
台****************************************************,012033000313, 50875975 ,+0000001213844.00, 
台****************************************************,003033002907, 20953973 ,+0000023053340.55, 
台****************************************************,015033000919, 61688584 ,+0000006636371.00, 
台****************************************************,017033000588, 50879177 ,+0000000086905.00, 
台****************************************************,026033000457, 20029177 ,+0000041565000.00, 
台****************************************************,022033000455, 61688532 ,+0000001253375.00, 
台****************************************************,018033000268, 30316224 ,+0000001934061.00, 
台****************************************************,011033001184, 28230908 ,+0000179208041.00, 
台****************************************************,014033000525, 23847363 ,+0000001683991.00, 
台****************************************************,016033000275, 50879248 ,+0000001233790.00, 
台****************************************************,030033000303, 30315210 ,+0000001302765.00, 
台****************************************************,026033000951, 57690840 ,+0000001009890.00, 
台****************************************************,068033000294, 24469937 ,+0000001099670.00, 
台****************************************************,041033000011, 88227444 ,+0000001095332.33, 
台****************************************************,041033000741, 58728146 ,+0000001000000.00, 
台****************************************************,009033000366, 03191913 ,+0000001068514.00, 
台****************************************************,014033000274, 07215330 ,+0000001020093.70, 
台****************************************************,010033000029, 95201144 ,+0000023900000.76, 
台****************************************************,009033000017, 02397349 ,+0000003303566.44, 
台****************************************************,041033000077, 88946913 ,+0000001144396.38, 
台****************************************************,068033000197, 53082209 ,+0000001443200.00, 
台****************************************************,068033000123, 82533345 ,+0000001216280.00, 
台****************************************************,015033000238, 82533345 ,+0000001074214.70, 
台****************************************************,022033000017, 84842448 ,+0000001220491.73, 
台****************************************************,060033000014, 22941849 ,+0000002838790.00, 
台****************************************************,015033000579, 22296840 ,+0000001016820.00, 
台****************************************************,027033000089, 77362754 ,+0000034519200.00, 
台****************************************************,025033000185, 11441296 ,+0000001050591.00, 
台****************************************************,031033000154, 08304901 ,+0000001038296.80, 
台****************************************************,025033000411, 21616343 ,+0000001000000.00, 
台****************************************************,041033000839, 62325706 ,+0000001085090.00, 
台****************************************************,043033000012, 94623745 ,+0000001062075.11, 
台****************************************************,038033600015, 11799526 ,+0000000002937.35, 
台****************************************************,038033000023, 64547687 ,+0000014043817.20, 
台****************************************************,032033000078, 05808543 ,+0000001255028.21, 
台****************************************************,026033000821, 27211976 ,+0000001010000.00, 
台****************************************************,042033000527, 64828050 ,+0000001000000.00, 
台****************************************************,049033000048, 93294342 ,+0000002944303.63, 
台****************************************************,026033000076, 87874345 ,+0000001334534.89, 
台****************************************************,013033000115, 56487397 ,+0000009411080.00, 
台****************************************************,011033000058, 13076041 ,+0000008539347.00, 
台****************************************************,012033000046, 44874640 ,+0000004550277.16, 
台****************************************************,068033000326, 81487414 ,+0000001201730.00, 
台****************************************************,015033000732, 01334971 ,+0000001075273.00, 
台****************************************************,014033000039, 09527848 ,+0000002542685.34, 
台****************************************************,016033000072, 92082842 ,+0000001825858.81, 
台****************************************************,024033000034, 30493245 ,+0000025075942.58, 
台****************************************************,030033000069, 99791142 ,+0000001773868.00, 
台****************************************************,022033000099, 85227047 ,+0000001735503.00, 
台****************************************************,022033000106, 84938789 ,+0000001959351.00, 
台****************************************************,026033000221, 80064044 ,+0000003000000.00, 
台****************************************************,057033000148, 90795048 ,+0000001051012.70, 
台****************************************************,026033000198, 87841268 ,+0000001000081.00, 
台****************************************************,041033000117, 88226346 ,+0000001062556.86, 
台****************************************************,041033000758, 20724872 ,+0000001100000.00, 
台****************************************************,042033000324, 73655453 ,+0000001149738.00, 
台****************************************************,049033000089, 04197142 ,+0000001005733.10, 
台****************************************************,026033000595, 28146693 ,+0000001317000.00, 
台****************************************************,010033000207, 95214748 ,+0000006200450.85, 
台****************************************************,068033000107, 81663363 ,+0000001152847.00, 
台****************************************************,068033000083, 82644342 ,+0000002971441.00, 
台****************************************************,015033000765, 14101001 ,+0000001058893.00, 
台****************************************************,057033000131, 90062015 ,+0000001028984.76, 
台****************************************************,022033000139, 85229644 ,+0000005847817.22, 
台****************************************************,060033000055, 29168286 ,+0000005096317.00, 
台****************************************************,027033000031, 77720449 ,+0000002050900.17, 
台****************************************************,026033000181, 87874656 ,+0000001000945.00, 
台****************************************************,031033000121, 07703348 ,+0000002383643.70, 
台****************************************************,023033000168, 37856441 ,+0000001748486.65, 
台****************************************************,009033000317, 02398044 ,+0000000219775.94, 
台****************************************************,016033000129, 93602830 ,+0000001668495.00, 
台****************************************************,026033000757, 50431367 ,+0000001001516.00, 
台****************************************************,018033000138, 38719444 ,+0000015605258.09, 
台****************************************************,029033000105, 83850841 ,+0000000006064.28, 
台****************************************************,059033000035, 06670548 ,+0000001030134.90, 
台****************************************************,026033000149, 87877441 ,+0000015100652.00, 
台****************************************************,041033000466, 28238937 ,+0000001055473.00, 
台****************************************************,016033000097, 92083242 ,+0000001004935.76, 
台****************************************************,042033000398, 67817026 ,+0000001000770.00, 
台****************************************************,049033000072, 93294048 ,+0000001001997.00, 
台****************************************************,013033000075, 05355099 ,+0000001931724.90, 
台****************************************************,011033000406, 13079745 ,+0000002484608.28, 
台****************************************************,012033000208, 44877441 ,+0000000001956.17, 
台****************************************************,015033000157, 80053243 ,+0000001006141.33, 
台****************************************************,014033000258, 09527141 ,+0000000055300.63, 
台****************************************************,025033000096, 29851540 ,+0000009485079.54, 
台****************************************************,041033000133, 89453009 ,+0000003026115.60, 
台****************************************************,003033000688, 48614948 ,+0000000864586.07, 
台****************************************************,022033000155, 85228340 ,+0000001051080.50, 
台****************************************************,022033000196, 86448844 ,+0000001000000.00, 
台****************************************************,068033000156, 31517647 ,+0000001002634.00, 
台****************************************************,041033000596, 31517669 ,+0000002309710.00, 
台****************************************************,060033000144, 14252811 ,+0000037791952.00, 
永****************************************************,009033000552, 28894942 ,+0000122495000.00, 
永****************************************************,068033000334, 14132246 ,+0000001300000.00, 
永****************************************************,043033000215, 50289996 ,+0000001470700.00, 
永****************************************************,022033000122, 84849342 ,+0000002320246.70, 
永****************************************************,027033000048, 77711172 ,+0000068500000.00, 
永****************************************************,003033002801, 20951728 ,+0000030794448.88, 
永****************************************************,041033000555, 30315691 ,+0000001017459.00, 
永****************************************************,010033000329, 20953757 ,+0000092536017.00, 
永****************************************************,018033000502, 23739827 ,+0000004124408.00, 
永****************************************************,017033000514, 50428340 ,+0000001108348.00, 
永****************************************************,026033000579, 28894820 ,+0000000351909.00, 
永****************************************************,015033000521, 28233307 ,+0000001923330.00, 
永****************************************************,014033000485, 28232815 ,+0000001392085.00, 
永****************************************************,038033000056, 14255848 ,+0000033838960.00, 
永****************************************************,049033000348, 50281298 ,+0000001002429.00, 
永****************************************************,011033000699, 20953763 ,+0000101380000.00, 
永****************************************************,012033000419, 44848043 ,+0000001277030.00, 
永****************************************************,016033000226, 23849856 ,+0000001007904.00, 
玉****************************************************,003033002859, 20951954 ,+0000020799916.50, 
玉****************************************************,030033000352, 50888182 ,+0000002110662.00, 
玉****************************************************,010033000442, 28881430 ,+0000002518715.50, 
玉****************************************************,031033000243, 50277392 ,+0000001083306.00, 
玉****************************************************,009033000496, 28881547 ,+0000081863020.00, 
玉****************************************************,057033000326, 87585011 ,+0000001999360.00, 
玉****************************************************,023033000354, 62316954 ,+0000206643247.00, 
玉****************************************************,043033000175, 14108196 ,+0000041500000.00, 
玉****************************************************,018033000479, 61382195 ,+0000002830836.00, 
玉****************************************************,017033000677, 61685132 ,+0000002069743.81, 
玉****************************************************,026033000635, 28344290 ,+0000226110400.00, 
玉****************************************************,011033000722, 61685297 ,+0000414216306.43, 
玉****************************************************,028033001154, 61685249 ,+0000001257510.00, 
玉****************************************************,014033000411, 20020124 ,+0000003836554.00, 
玉****************************************************,016033000242, 95873134 ,+0000001058880.00, 
玉****************************************************,024033000059, 61685276 ,+0000011697572.20, 
玉****************************************************,022033000333, 14135806 ,+0000001254960.00, 
玉****************************************************,049033000404, 62855712 ,+0000001019780.00, 
玉****************************************************,012033000338, 23733587 ,+0000002000000.00, 
玉****************************************************,015033000376, 20028550 ,+0000004436386.80, 
玉****************************************************,025033000063, 61685199 ,+0000000441080.00, 
玉****************************************************,028033001049, 14195614 ,+0000002168801.00, 
玉****************************************************,013033000148, 61379231 ,+0000001181010.00, 
兆****************************************************,026033000773, 50077611 ,+0000001061774.00, 
兆****************************************************,009033000236, 03696760 ,+0000001593185.89, 
兆****************************************************,027033000161, 45200605 ,+0000001100121.40, 
兆****************************************************,026033000157, 87115597 ,+0000001004619.34, 
兆****************************************************,003033000452, 58487388 ,+0000005770251.48, 
兆****************************************************,057033000301, 24794850 ,+0000001000740.00, 
兆****************************************************,041033000271, 20553576 ,+0000001216251.00, 
兆****************************************************,031033000187, 31501356 ,+0000001008459.00, 
兆****************************************************,015033000262, 81743486 ,+0000001091824.98, 
兆****************************************************,016033000112, 93686045 ,+0000001001791.83, 
兆****************************************************,010033000183, 95427360 ,+0000001922370.57, 
兆****************************************************,068033000367, 23445276 ,+0000001000000.00, 
兆****************************************************,043033000223, 24781170 ,+0000001010000.00, 
兆****************************************************,015033000854, 81662463 ,+0000001000000.00, 
兆****************************************************,015033000221, 81675317 ,+0000001008051.72, 
兆****************************************************,057033000237, 23847539 ,+0000001170973.00, 
兆****************************************************,022033000309, 31501377 ,+0000001044913.00, 
兆****************************************************,060033000111, 28232851 ,+0000001006145.00, 
兆****************************************************,038033000048, 62870135 ,+0000002852039.00, 
兆****************************************************,032033000183, 31501362 ,+0000001001498.00, 
兆****************************************************,026033001097, 62320025 ,+0000001050956.00, 
兆****************************************************,017033000466, 28233721 ,+0000001100486.00, 
兆****************************************************,049033000137, 28886274 ,+0000001002468.00, 
兆****************************************************,026033000262, 46074521 ,+0000002093897.96, 
兆****************************************************,012033000249, 28146016 ,+0000001042856.00, 
兆****************************************************,011033000236, 19422745 ,+0000038301572.14, 
兆****************************************************,015033000895, 80586642 ,+0000001005000.00, 
兆****************************************************,014033000322, 00901518 ,+0000001107279.70, 
兆****************************************************,025033000177, 20369183 ,+0000001003949.00, 
兆****************************************************,030033000199, 66544447 ,+0000001500000.41, 
兆****************************************************,018033000202, 38242870 ,+0000000668128.85, 
兆****************************************************,043033000142, 23847523 ,+0000001000000.00, 
兆****************************************************,022033000244, 67070671 ,+0000001103513.00, 
全****************************************************,003033003352, 61697379 ,+0000003705222.00, 
全****************************************************,017033000709, 37089955 ,+0000001000000.00, 
全****************************************************,026033001161, 98356666 ,+0000001049600.00, 
全****************************************************,011033001143, 97090787 ,+0000001355722.00, 
全****************************************************,068033000407, 87497548 ,+0000001000000.00, 
全****************************************************,014033000728, 87495789 ,+0000001098800.00, 
全****************************************************,010033000864, 97090982 ,+0000001599887.00, 
全****************************************************,009033000803, 98356516 ,+0000002550000.00, 
合****************************************************,041033000028, 14131907 ,+0000003000000.66, 
合****************************************************,015033000602, 14131063 ,+0000001127692.00, 
合****************************************************,009033000058, 14131309 ,+0000054067379.64, 
合****************************************************,057033000042, 14131026 ,+0000002094129.73, 
合****************************************************,027033000023, 14131868 ,+0000000712270.51, 
合****************************************************,003033000103, 14133562 ,+0000018824071.84, 
合****************************************************,031033000065, 14131238 ,+0000000033811.56, 
合****************************************************,010033000053, 14131032 ,+0000130132972.54, 
合****************************************************,023033000021, 14132769 ,+0000002021594.10, 
合****************************************************,067033000038, 14131393 ,+0000009030052.00, 
合****************************************************,068033000075, 14131078 ,+0000001805585.00, 
合****************************************************,028033000799, 14132470 ,+0000029670348.00, 
合****************************************************,060033000022, 14132532 ,+0000002934435.00, 
合****************************************************,018033000113, 14132753 ,+0000038759503.87, 
合****************************************************,017033000158, 14132697 ,+0000004126451.15, 
合****************************************************,029033000049, 14131099 ,+0000003288437.30, 
合****************************************************,049033000023, 14131222 ,+0000006178704.82, 
合****************************************************,059033000051, 14131269 ,+0000003680230.37, 
合****************************************************,026033000068, 14131970 ,+0000046981349.48, 
合****************************************************,028033000044, 14132465 ,+0000015104461.20, 
合****************************************************,014033000055, 14131367 ,+0000004662748.93, 
合****************************************************,016033000048, 14131274 ,+0000000249172.63, 
合****************************************************,025033000047, 14132655 ,+0000037674984.92, 
合****************************************************,017033000303, 14132619 ,+0000014544173.65, 
合****************************************************,032033000045, 14131247 ,+0000004424006.38, 
合****************************************************,013033000156, 05361606 ,+0000001237000.00, 
合****************************************************,011033000082, 14132491 ,+0000293012500.61, 
合****************************************************,012033000102, 14131837 ,+0000007222111.60, 
合****************************************************,015033000043, 14131057 ,+0000002844628.32, 
合****************************************************,024033000018, 14132774 ,+0000012213512.00, 
合****************************************************,043033000029, 14131084 ,+0000001765302.65, 
合****************************************************,030033000044, 14131005 ,+0000005094111.00, 
合****************************************************,042033000219, 14131718 ,+0000130694600.41, 
合****************************************************,022033000025, 14132624 ,+0000000799497.36, 
安****************************************************,041033000539, 23734730 ,+0000002015209.00, 
安****************************************************,010033000467, 28883035 ,+0000003452099.00, 
安****************************************************,009033000585, 28345666 ,+0000001005442.00, 
安****************************************************,003033002964, 20362905 ,+0000014345319.50, 
安****************************************************,068033000261, 14251243 ,+0000001231460.00, 
安****************************************************,057033000253, 50421091 ,+0000001261194.00, 
安****************************************************,014033000574, 31515098 ,+0000001099607.00, 
安****************************************************,049033000307, 50439875 ,+0000001292921.00, 
安****************************************************,026033000513, 28699404 ,+0000000295050.00, 
安****************************************************,011033000885, 28344068 ,+0000002965787.00, 
安****************************************************,015033000619, 50428841 ,+0000001004856.00, 
安****************************************************,025033000241, 30318723 ,+0000009995690.00, 
安****************************************************,030033000288, 23845829 ,+0000001289398.00, 
有****************************************************,003033804702, 55274849 ,+0000050000000.00, 
有****************************************************,003033804719, 55274849 ,+0000050000000.00, 
有****************************************************,003033804727, 55274849 ,+0000030000000.00, 
有****************************************************,003033804751, 55274849 ,+0000020000000.00, 
有****************************************************,003033804768, 55274849 ,+0000030000000.00, 
有****************************************************,003033804776, 55274849 ,+0000050000000.00, 
有****************************************************,003033804808, 55274849 ,+0000020000000.00, 
有****************************************************,003033804816, 55274849 ,+0000050000000.00, 
有****************************************************,003033804824, 55274849 ,+0000040000000.00, 
有****************************************************,003033804832, 55274849 ,+0000040000000.00, 
有****************************************************,003033804849, 55274849 ,+0000030000000.00, 
有****************************************************,003033804857, 55274849 ,+0000030000000.00, 
有****************************************************,003033804865, 55274849 ,+0000025000000.00, 
有****************************************************,003033804873, 55274849 ,+0000050000000.00, 
有****************************************************,003033804881, 55274849 ,+0000050000000.00, 
有****************************************************,003033804898, 55274849 ,+0000050000000.00, 
有****************************************************,003033804905, 55274849 ,+0000030000000.00, 
有****************************************************,003033804913, 55274849 ,+0000030000000.00, 
有****************************************************,003033804921, 55274849 ,+0000050000000.00, 
有****************************************************,003033804938, 55274849 ,+0000040000000.00, 
有****************************************************,003033804946, 55274849 ,+0000040000000.00, 
有****************************************************,003033804954, 55274849 ,+0000040000000.00, 
有****************************************************,003033804962, 55274849 ,+0000020000000.00, 
有****************************************************,003033805075, 55274849 ,+0000050000000.00, 
有****************************************************,003033805083, 55274849 ,+0000050000000.00, 
有****************************************************,003033805026, 55274849 ,+0000040000000.00, 
有****************************************************,003033805034, 55274849 ,+0000035000000.00, 
有****************************************************,003033805067, 55274849 ,+0000050000000.00, 
有****************************************************,003033805197, 55274849 ,+0000027000000.00, 
有****************************************************,003033805189, 55274849 ,+0000020000000.00, 
有****************************************************,003033805172, 55274849 ,+0000045000000.00, 
有****************************************************,003033805164, 55274849 ,+0000035000000.00, 
有****************************************************,003033805156, 55274849 ,+0000050000000.00, 
有****************************************************,003033805148, 55274849 ,+0000050000000.00, 
有****************************************************,003033805091, 55274849 ,+0000018000000.00, 
有****************************************************,003033805229, 55274849 ,+0000050000000.00, 
有****************************************************,003033805212, 55274849 ,+0000050000000.00, 
有****************************************************,003033805204, 55274849 ,+0000040000000.00, 
有****************************************************,003033805115, 55274849 ,+0000020000000.00, 
有****************************************************,003033805131, 55274849 ,+0000050000000.00, 
有****************************************************,009033800111, 02364546 ,+0000136000000.00, 
有****************************************************,009033000593, 02364546 ,+0000001725774.00, 
有****************************************************,022033938331, 84595849 ,+0000003500000.00, 
有****************************************************,022033938104, 84595849 ,+0000101000000.00, 
有****************************************************,022033938112, 84595849 ,+0000008000000.00, 
有****************************************************,022033938218, 84595849 ,+0000030000000.00, 
有****************************************************,022033938389, 84595849 ,+0000050000000.00, 
有****************************************************,022033938161, 84595849 ,+0000009000000.00, 
有****************************************************,022033938178, 84595849 ,+0000020000000.00, 
有****************************************************,022033938186, 84595849 ,+0000020000000.00, 
有****************************************************,022033938194, 84595849 ,+0000020000000.00, 
有****************************************************,022033938201, 84595849 ,+0000020000000.00, 
有****************************************************,022033000285, 84595849 ,+0000004914435.00, 
有****************************************************,022033938242, 84595849 ,+0000017000000.00, 
有****************************************************,022033938234, 84595849 ,+0000008000000.00, 
有****************************************************,022033938226, 84595849 ,+0000006500000.00, 
有****************************************************,022033938259, 84595849 ,+0000014500000.00, 
有****************************************************,022033938372, 84595849 ,+0000110000000.00, 
有****************************************************,022033938364, 84595849 ,+0000060000000.00, 
有****************************************************,022033938356, 84595849 ,+0000050000000.00, 
有****************************************************,022033938348, 84595849 ,+0000030000000.00, 
有****************************************************,022033938275, 84595849 ,+0000010000000.00, 
有****************************************************,022033938267, 84595849 ,+0000002000000.00, 
有****************************************************,022033938097, 84595849 ,+0000053000000.00, 
有****************************************************,022033938291, 84595849 ,+0000055000000.00, 
有****************************************************,022033938283, 84595849 ,+0000016000000.00, 
有****************************************************,022033093882, 84595849 ,+0000005000000.00, 
有****************************************************,022033937902, 84595849 ,+0000012000000.00, 
有****************************************************,022033937919, 84595849 ,+0000021000000.00, 
有****************************************************,022033937927, 84595849 ,+0000003000000.00, 
有****************************************************,022033937935, 84595849 ,+0000012000000.00, 
有****************************************************,022033937943, 84595849 ,+0000019000000.00, 
有****************************************************,022033937951, 84595849 ,+0000007000000.00, 
有****************************************************,022033937968, 84595849 ,+0000006500000.00, 
有****************************************************,022033937976, 84595849 ,+0000007000000.00, 
有****************************************************,022033937984, 84595849 ,+0000008000000.00, 
有****************************************************,022033937992, 84595849 ,+0000008000000.00, 
有****************************************************,022033938007, 84595849 ,+0000050000000.00, 
有****************************************************,022033938015, 84595849 ,+0000009000000.00, 
有****************************************************,022033938023, 84595849 ,+0000047000000.00, 
有****************************************************,022033938031, 84595849 ,+0000009000000.00, 
有****************************************************,022033938048, 84595849 ,+0000017000000.00, 
有****************************************************,022033938056, 84595849 ,+0000009000000.00, 
有****************************************************,022033938064, 84595849 ,+0000010000000.00, 
有****************************************************,022033938072, 84595849 ,+0000002000000.00, 
有****************************************************,022033938089, 84595849 ,+0000013000000.00, 
有****************************************************,022033938307, 84595849 ,+0000020000000.00, 
有****************************************************,022033938323, 84595849 ,+0000010000000.00, 
有****************************************************,022033938315, 84595849 ,+0000020000000.00, 
有****************************************************,018033822135, 38520845 ,+0000099000000.00, 
有****************************************************,018033822127, 38520845 ,+0000168000000.00, 
有****************************************************,018033813436, 38520845 ,+0000050000000.00, 
有****************************************************,018033819609, 38520845 ,+0000050000000.00, 
有****************************************************,018033820459, 38520845 ,+0000057000000.00, 
有****************************************************,018033820467, 38520845 ,+0000066000000.00, 
有****************************************************,018033820475, 38520845 ,+0000090000000.00, 
有****************************************************,018033820483, 38520845 ,+0000114000000.00, 
有****************************************************,018033820491, 38520845 ,+0000125000000.00, 
有****************************************************,018033820515, 38520845 ,+0000023000000.00, 
有****************************************************,018033820523, 38520845 ,+0000070000000.00, 
有****************************************************,018033820531, 38520845 ,+0000148000000.00, 
有****************************************************,018033821885, 38520845 ,+0000035000000.00, 
有****************************************************,018033821877, 38520845 ,+0000200000000.00, 
有****************************************************,018033821869, 38520845 ,+0000055000000.00, 
有****************************************************,018033821852, 38520845 ,+0000041000000.00, 
有****************************************************,018033821844, 38520845 ,+0000044000000.00, 
有****************************************************,018033821009, 38520845 ,+0000011000000.00, 
有****************************************************,018033821017, 38520845 ,+0000109000000.00, 
有****************************************************,018033820994, 38520845 ,+0000010000000.00, 
有****************************************************,018033820929, 38520845 ,+0000100000000.00, 
有****************************************************,018033820937, 38520845 ,+0000100000000.00, 
有****************************************************,018033820572, 38520845 ,+0000100000000.00, 
有****************************************************,018033820589, 38520845 ,+0000127000000.00, 
有****************************************************,018033820597, 38520845 ,+0000160000000.00, 
有****************************************************,018033820726, 38520845 ,+0000042000000.00, 
有****************************************************,018033820734, 38520845 ,+0000070000000.00, 
有****************************************************,018033820742, 38520845 ,+0000017000000.00, 
有****************************************************,018033820759, 38520845 ,+0000043000000.00, 
有****************************************************,018033821625, 38520845 ,+0000026000000.00, 
有****************************************************,018033821617, 38520845 ,+0000110000000.00, 
有****************************************************,018033821658, 38520845 ,+0000170000000.00, 
有****************************************************,018033821641, 38520845 ,+0000017000000.00, 
有****************************************************,018033821633, 38520845 ,+0000008000000.00, 
有****************************************************,018033821999, 38520845 ,+0000015000000.00, 
有****************************************************,018033821982, 38520845 ,+0000048000000.00, 
有****************************************************,018033821974, 38520845 ,+0000100000000.00, 
有****************************************************,018033821966, 38520845 ,+0000050000000.00, 
有****************************************************,018033821958, 38520845 ,+0000066000000.00, 
有****************************************************,018033821941, 38520845 ,+0000035000000.00, 
有****************************************************,018033821933, 38520845 ,+0000100000000.00, 
有****************************************************,018033821366, 38520845 ,+0000100000000.00, 
有****************************************************,018033821358, 38520845 ,+0000091000000.00, 
有****************************************************,018033821399, 38520845 ,+0000096000000.00, 
有****************************************************,018033821382, 38520845 ,+0000100000000.00, 
有****************************************************,018033821374, 38520845 ,+0000100000000.00, 
有****************************************************,025033000396, 38520845 ,+0000002699047.00, 
有****************************************************,009033000788, 38520845 ,+0000001299000.00, 
有****************************************************,018033000276, 38520845 ,+0000016898710.89, 
有****************************************************,010033000831, 38518240 ,+0000001106754.00, 
有****************************************************,018033000292, 38518240 ,+0000002858284.00, 
有****************************************************,018033821285, 38518240 ,+0000032000000.00, 
有****************************************************,018033821293, 38518240 ,+0000150000000.00, 
有****************************************************,018033821309, 38518240 ,+0000094000000.00, 
有****************************************************,018033821269, 38518240 ,+0000018000000.00, 
有****************************************************,018033821277, 38518240 ,+0000055000000.00, 
有****************************************************,018033821244, 38518240 ,+0000025000000.00, 
有****************************************************,018033821211, 38518240 ,+0000054000000.00, 
有****************************************************,018033821228, 38518240 ,+0000050000000.00, 
有****************************************************,018033821236, 38518240 ,+0000220000000.00, 
有****************************************************,018033821252, 38518240 ,+0000052500000.00, 
有****************************************************,018033821325, 38518240 ,+0000050000000.00, 
有****************************************************,018033821909, 38518240 ,+0000035000000.00, 
有****************************************************,018033821317, 38518240 ,+0000080000000.00, 
有****************************************************,018033821333, 38518240 ,+0000200000000.00, 
有****************************************************,018033821341, 38518240 ,+0000050000000.00, 
有****************************************************,018033821066, 38518240 ,+0000067000000.00, 
有****************************************************,018033821058, 38518240 ,+0000014000000.00, 
有****************************************************,018033821074, 38518240 ,+0000035000000.00, 
有****************************************************,018033821082, 38518240 ,+0000104000000.00, 
有****************************************************,018033821099, 38518240 ,+0000100000000.00, 
有****************************************************,018033821196, 38518240 ,+0000051000000.00, 
有****************************************************,018033821203, 38518240 ,+0000044000000.00, 
有****************************************************,018033821155, 38518240 ,+0000089000000.00, 
有****************************************************,018033821163, 38518240 ,+0000100000000.00, 
有****************************************************,018033821171, 38518240 ,+0000040000000.00, 
有****************************************************,018033821188, 38518240 ,+0000075000000.00, 
有****************************************************,018033821139, 38518240 ,+0000250000000.00, 
有****************************************************,018033821147, 38518240 ,+0000070000000.00, 
有****************************************************,018033821106, 38518240 ,+0000060000000.00, 
有****************************************************,018033821114, 38518240 ,+0000200000000.00, 
有****************************************************,018033821122, 38518240 ,+0000080000000.00, 
有****************************************************,018033821033, 38518240 ,+0000058000000.00, 
有****************************************************,018033821041, 38518240 ,+0000058000000.00, 
有****************************************************,018033821447, 38518240 ,+0000100000000.00, 
有****************************************************,018033821439, 38518240 ,+0000050000000.00, 
有****************************************************,018033821422, 38518240 ,+0000125000000.00, 
有****************************************************,018033821414, 38518240 ,+0000100000000.00, 
有****************************************************,018033821406, 38518240 ,+0000100000000.00, 
有****************************************************,018033821455, 38518240 ,+0000100000000.00, 
有****************************************************,018033821925, 38518240 ,+0000093000000.00, 
有****************************************************,018033821917, 38518240 ,+0000039000000.00, 
有****************************************************,018033821463, 38518240 ,+0000010000000.00, 
有****************************************************,018033822119, 38518240 ,+0000175000000.00, 
有****************************************************,018033822102, 38518240 ,+0000174000000.00, 
有****************************************************,018033822095, 38518240 ,+0000016000000.00, 
有****************************************************,018033822087, 38518240 ,+0000069000000.00, 
有****************************************************,018033822079, 38518240 ,+0000080000000.00, 
有****************************************************,018033822062, 38518240 ,+0000064000000.00, 
有****************************************************,018033822054, 38518240 ,+0000100000000.00, 
有****************************************************,018033822046, 38518240 ,+0000077000000.00, 
有****************************************************,018033822038, 38518240 ,+0000060000000.00, 
有****************************************************,018033822021, 38518240 ,+0000070000000.00, 
有****************************************************,018033822013, 38518240 ,+0000060000000.00, 
有****************************************************,018033822005, 38518240 ,+0000073000000.00, 
有****************************************************,018033821544, 38518240 ,+0000100000000.00, 
有****************************************************,018033821536, 38518240 ,+0000111000000.00, 
有****************************************************,018033821528, 38518240 ,+0000012000000.00, 
有****************************************************,018033821511, 38518240 ,+0000017000000.00, 
有****************************************************,018033821609, 38518240 ,+0000035000000.00, 
有****************************************************,018033821593, 38518240 ,+0000077000000.00, 
有****************************************************,018033821585, 38518240 ,+0000049000000.00, 
有****************************************************,018033821577, 38518240 ,+0000075000000.00, 
有****************************************************,018033821569, 38518240 ,+0000060000000.00, 
有****************************************************,018033821552, 38518240 ,+0000103000000.00, 
有****************************************************,018033821471, 38518240 ,+0000010000000.00, 
有****************************************************,018033821488, 38518240 ,+0000080000000.00, 
有****************************************************,018033821503, 38518240 ,+0000125000000.00, 
有****************************************************,018033821496, 38518240 ,+0000100000000.00, 
有****************************************************,018033820767, 38518240 ,+0000073000000.00, 
有****************************************************,018033820775, 38518240 ,+0000050000000.00, 
有****************************************************,018033820783, 38518240 ,+0000028000000.00, 
有****************************************************,018033820791, 38518240 ,+0000030000000.00, 
有****************************************************,018033820807, 38518240 ,+0000075000000.00, 
有****************************************************,018033820815, 38518240 ,+0000050000000.00, 
有****************************************************,018033820823, 38518240 ,+0000075000000.00, 
有****************************************************,018033820831, 38518240 ,+0000054000000.00, 
有****************************************************,018033820848, 38518240 ,+0000029000000.00, 
有****************************************************,018033820856, 38518240 ,+0000085000000.00, 
有****************************************************,018033820864, 38518240 ,+0000067000000.00, 
有****************************************************,018033820872, 38518240 ,+0000100000000.00, 
有****************************************************,018033820564, 38518240 ,+0000016000000.00, 
有****************************************************,018033820604, 38518240 ,+0000100000000.00, 
有****************************************************,018033820612, 38518240 ,+0000110000000.00, 
有****************************************************,018033820629, 38518240 ,+0000150000000.00, 
有****************************************************,018033820637, 38518240 ,+0000100000000.00, 
有****************************************************,018033820645, 38518240 ,+0000043000000.00, 
有****************************************************,018033820653, 38518240 ,+0000084000000.00, 
有****************************************************,018033820661, 38518240 ,+0000044000000.00, 
有****************************************************,018033820678, 38518240 ,+0000078000000.00, 
有****************************************************,018033820686, 38518240 ,+0000003500000.00, 
有****************************************************,018033820694, 38518240 ,+0000029000000.00, 
有****************************************************,018033820701, 38518240 ,+0000075000000.00, 
有****************************************************,018033820718, 38518240 ,+0000121000000.00, 
有****************************************************,018033820945, 38518240 ,+0000075000000.00, 
有****************************************************,018033820953, 38518240 ,+0000147000000.00, 
有****************************************************,018033820889, 38518240 ,+0000100000000.00, 
有****************************************************,018033820897, 38518240 ,+0000300000000.00, 
有****************************************************,018033820904, 38518240 ,+0000100000000.00, 
有****************************************************,018033820912, 38518240 ,+0000225000000.00, 
有****************************************************,018033820986, 38518240 ,+0000100000000.00, 
有****************************************************,018033820961, 38518240 ,+0000140000000.00, 
有****************************************************,018033820978, 38518240 ,+0000101000000.00, 
有****************************************************,018033821025, 38518240 ,+0000045000000.00, 
有****************************************************,018033821763, 38518240 ,+0000050000000.00, 
有****************************************************,018033821755, 38518240 ,+0000110000000.00, 
有****************************************************,018033821722, 38518240 ,+0000100000000.00, 
有****************************************************,018033821739, 38518240 ,+0000024000000.00, 
有****************************************************,018033821747, 38518240 ,+0000200000000.00, 
有****************************************************,018033821714, 38518240 ,+0000140000000.00, 
有****************************************************,018033821706, 38518240 ,+0000100000000.00, 
有****************************************************,018033821682, 38518240 ,+0000075000000.00, 
有****************************************************,018033821674, 38518240 ,+0000040000000.00, 
有****************************************************,018033821666, 38518240 ,+0000014000000.00, 
有****************************************************,018033821836, 38518240 ,+0000079000000.00, 
有****************************************************,018033821828, 38518240 ,+0000061000000.00, 
有****************************************************,018033821893, 38518240 ,+0000022000000.00, 
有****************************************************,018033820548, 38518240 ,+0000002000000.00, 
有****************************************************,018033820556, 38518240 ,+0000016000000.00, 
有****************************************************,018033820507, 38518240 ,+0000125000000.00, 
有****************************************************,018033815201, 38518240 ,+0000010415756.00, 
有****************************************************,018033819155, 38518240 ,+0000030499836.00, 
有****************************************************,018033821811, 38518240 ,+0000110000000.00, 
有****************************************************,018033821803, 38518240 ,+0000185000000.00, 
有****************************************************,018033821796, 38518240 ,+0000009000000.00, 
有****************************************************,018033821788, 38518240 ,+0000002000000.00, 
有****************************************************,018033821771, 38518240 ,+0000072000000.00, 
有****************************************************,038033800426, 11799486 ,+0000010000000.00, 
有****************************************************,038033800418, 11799486 ,+0000007000000.00, 
有****************************************************,026033805014, 87608641 ,+0000032000000.00, 
有****************************************************,026033805006, 87608641 ,+0000002000000.00, 
有****************************************************,026033804991, 87608641 ,+0000029000000.00, 
有****************************************************,026033804983, 87608641 ,+0000028000000.00, 
有****************************************************,026033805022, 87608641 ,+0000001000000.00, 
有****************************************************,026033804553, 87608641 ,+0000060000000.00, 
有****************************************************,026033804967, 87608641 ,+0000003000000.00, 
有****************************************************,026033804975, 87608641 ,+0000025000000.00, 
有****************************************************,012033834737, 44624140 ,+0000150000000.00, 
有****************************************************,012033834648, 44624140 ,+0000070000000.00, 
有****************************************************,012033834656, 44624140 ,+0000050000000.00, 
有****************************************************,012033834729, 44624140 ,+0000200000000.00, 
有****************************************************,012033834712, 44624140 ,+0000119000000.00, 
有****************************************************,012033834704, 44624140 ,+0000100000000.00, 
有****************************************************,012033834697, 44624140 ,+0000100000000.00, 
有****************************************************,012033834689, 44624140 ,+0000036000000.00, 
有****************************************************,012033834672, 44624140 ,+0000027000000.00, 
有****************************************************,012033834526, 44624140 ,+0000050000000.00, 
有****************************************************,012033834567, 44624140 ,+0000200000000.00, 
有****************************************************,012033834664, 44624140 ,+0000250000000.00, 
有****************************************************,012033834583, 44624140 ,+0000120000000.00, 
有****************************************************,012033834623, 44624140 ,+0000300000000.00, 
有****************************************************,012033834761, 44624140 ,+0000100000000.00, 
有****************************************************,012033834745, 44624140 ,+0000046000000.00, 
有****************************************************,012033834753, 44624140 ,+0000060000000.00, 
有****************************************************,012033832963, 44624346 ,+0000060000000.00, 
有****************************************************,036033816383, 71432841 ,+0000150000000.00, 
有****************************************************,036033816375, 71432841 ,+0000010000000.00, 
有****************************************************,036033816367, 71432841 ,+0000294000000.00, 
有****************************************************,036033816359, 71432841 ,+0000157000000.00, 
有****************************************************,036033816342, 71432841 ,+0000300000000.00, 
有****************************************************,036033816334, 71432841 ,+0000040000000.00, 
有****************************************************,036033816326, 71432841 ,+0000099000000.00, 
有****************************************************,036033816504, 71432841 ,+0000100000000.00, 
有****************************************************,036033000185, 71432841 ,+0000011025266.00, 
有****************************************************,036033816448, 71432841 ,+0000150000000.00, 
有****************************************************,036033816431, 71432841 ,+0000130000000.00, 
有****************************************************,036033816301, 71432841 ,+0000069000000.00, 
有****************************************************,036033816318, 71432841 ,+0000030000000.00, 
有****************************************************,036033816423, 71432841 ,+0000250000000.00, 
有****************************************************,036033816415, 71432841 ,+0000080000000.00, 
有****************************************************,036033816407, 71432841 ,+0000150000000.00, 
有****************************************************,036033812219, 71432841 ,+0000100000000.00, 
有****************************************************,036033815954, 71432841 ,+0000095000000.00, 
有****************************************************,036033815995, 71432841 ,+0000138000000.00, 
有****************************************************,036033816001, 71432841 ,+0000058000000.00, 
有****************************************************,036033816018, 71432841 ,+0000098000000.00, 
有****************************************************,036033816026, 71432841 ,+0000060000000.00, 
有****************************************************,036033816075, 71432841 ,+0000042000000.00, 
有****************************************************,036033816083, 71432841 ,+0000347500000.00, 
有****************************************************,036033816091, 71432841 ,+0000100000000.00, 
有****************************************************,036033816107, 71432841 ,+0000039000000.00, 
有****************************************************,036033816123, 71432841 ,+0000066000000.00, 
有****************************************************,036033816131, 71432841 ,+0000067000000.00, 
有****************************************************,036033816148, 71432841 ,+0000067000000.00, 
有****************************************************,036033816156, 71432841 ,+0000094000000.00, 
有****************************************************,036033816164, 71432841 ,+0000043500000.00, 
有****************************************************,036033816189, 71432841 ,+0000104000000.00, 
有****************************************************,036033816456, 71432841 ,+0000100000000.00, 
有****************************************************,036033816472, 71432841 ,+0000070000000.00, 
有****************************************************,036033816464, 71432841 ,+0000100000000.00, 
有****************************************************,036033816497, 71432841 ,+0000048500000.00, 
有****************************************************,036033816489, 71432841 ,+0000243000000.00, 
有****************************************************,036033816197, 71432841 ,+0000300000000.00, 
有****************************************************,148033000013, 71432841 ,+0000001021908.00, 
有****************************************************,036033816561, 71432841 ,+0000037000000.00, 
有****************************************************,036033816553, 71432841 ,+0000149000000.00, 
有****************************************************,036033816545, 71432841 ,+0000070000000.00, 
有****************************************************,036033816537, 71432841 ,+0000043000000.00, 
有****************************************************,036033816529, 71432841 ,+0000030000000.00, 
有****************************************************,036033816512, 71432841 ,+0000115000000.00, 
有****************************************************,036033816286, 71432841 ,+0000200000000.00, 
有****************************************************,036033816294, 71432841 ,+0000020000000.00, 
有****************************************************,036033816278, 71432841 ,+0000059000000.00, 
有****************************************************,036033816261, 71432841 ,+0000181000000.00, 
有****************************************************,003033003174, 71432841 ,+0000007100972.00, 
有****************************************************,036033816204, 71746745 ,+0000048000000.00, 
有****************************************************,036033816578, 71746745 ,+0000100000000.00, 
有****************************************************,036033816034, 71746745 ,+0000050000000.00, 
有****************************************************,036033812649, 71746745 ,+0000046000000.00, 
有****************************************************,036033000177, 71746745 ,+0000004361950.00, 
有****************************************************,036033816391, 71746745 ,+0000024000000.00, 
有****************************************************,015033831623, 80254142 ,+0000049000000.00, 
有****************************************************,015033831656, 80254142 ,+0000015000000.00, 
有****************************************************,015033831648, 80254142 ,+0000025000000.00, 
有****************************************************,015033831664, 80254142 ,+0000044000000.00, 
有****************************************************,015033831689, 80254142 ,+0000047000000.00, 
有****************************************************,015033831672, 80254142 ,+0000100000000.00, 
有****************************************************,015033825784, 80254142 ,+0000050000000.00, 
有****************************************************,015033830521, 80254142 ,+0000009000000.00, 
有****************************************************,015033830554, 80254142 ,+0000046000000.00, 
有****************************************************,015033830708, 80254142 ,+0000044000000.00, 
有****************************************************,015033830781, 80254142 ,+0000097000000.00, 
有****************************************************,015033830887, 80254142 ,+0000022000000.00, 
有****************************************************,015033830895, 80254142 ,+0000006000000.00, 
有****************************************************,015033830919, 80254142 ,+0000016000000.00, 
有****************************************************,015033830968, 80254142 ,+0000047000000.00, 
有****************************************************,015033831753, 80254142 ,+0000045000000.00, 
有****************************************************,015033831818, 80254142 ,+0000006000000.00, 
有****************************************************,015033831801, 80254142 ,+0000026000000.00, 
有****************************************************,015033831842, 80254142 ,+0000063000000.00, 
有****************************************************,015033831834, 80254142 ,+0000044000000.00, 
有****************************************************,015033831794, 80254142 ,+0000070000000.00, 
有****************************************************,015033831786, 80254142 ,+0000087000000.00, 
有****************************************************,015033831412, 80254142 ,+0000040000000.00, 
有****************************************************,015033831404, 80254142 ,+0000022000000.00, 
有****************************************************,015033831397, 80254142 ,+0000071000000.00, 
有****************************************************,015033831089, 80254142 ,+0000008000000.00, 
有****************************************************,015033831429, 80254142 ,+0000033000000.00, 
有****************************************************,015033831437, 80254142 ,+0000034000000.00, 
有****************************************************,015033831453, 80254142 ,+0000100000000.00, 
有****************************************************,015033831915, 80254142 ,+0000007000000.00, 
有****************************************************,015033831907, 80254142 ,+0000031000000.00, 
有****************************************************,015033831891, 80254142 ,+0000070000000.00, 
有****************************************************,015033831883, 80254142 ,+0000057000000.00, 
有****************************************************,015033831486, 80254142 ,+0000025000000.00, 
有****************************************************,015033831859, 80254142 ,+0000034000000.00, 
有****************************************************,015033831575, 80254142 ,+0000120000000.00, 
有****************************************************,015033831567, 80254142 ,+0000120000000.00, 
有****************************************************,015033831997, 80254142 ,+0000018000000.00, 
有****************************************************,015033832003, 80254142 ,+0000050000000.00, 
有****************************************************,015033831956, 80254142 ,+0000005000000.00, 
有****************************************************,015033831501, 80254142 ,+0000019000000.00, 
有****************************************************,015033832141, 80254142 ,+0000037000000.00, 
有****************************************************,015033832133, 80254142 ,+0000010000000.00, 
有****************************************************,015033832214, 80254142 ,+0000050000000.00, 
有****************************************************,015033832117, 80254142 ,+0000022000000.00, 
有****************************************************,015033832069, 80254142 ,+0000035000000.00, 
有****************************************************,015033832255, 80254142 ,+0000037000000.00, 
有****************************************************,015033832263, 80254142 ,+0000013000000.00, 
有****************************************************,015033831226, 80254142 ,+0000018000000.00, 
有****************************************************,015033831104, 80254142 ,+0000011000000.00, 
有****************************************************,015033831112, 80254142 ,+0000014000000.00, 
有****************************************************,015033831315, 80254142 ,+0000082000000.00, 
有****************************************************,015033831267, 80254142 ,+0000067000000.00, 
